// DO NOT EDIT! Generated by mimex - Mindustry Metadata Extractor
name;id;logicId;copper;lead;metaglass;graphite;sand;coal;titanium;thorium;scrap;silicon;plastanium;phase-fabric;surge-alloy;spore-pod;blast-compound;pyratite;beryllium;tungsten;oxide;carbide;fissile-matter;dormant-cyst
air;0;-1;0;0;0;0;0;0;0;0;0;0;0;0;0;0;0;0;0;0;0;0;0;0
spawn;1;-1;0;0;0;0;0;0;0;0;0;0;0;0;0;0;0;0;0;0;0;0;0;0
remove-wall;2;-1;0;0;0;0;0;0;0;0;0;0;0;0;0;0;0;0;0;0;0;0;0;0
remove-ore;3;-1;0;0;0;0;0;0;0;0;0;0;0;0;0;0;0;0;0;0;0;0;0;0
cliff;4;-1;0;0;0;0;0;0;0;0;0;0;0;0;0;0;0;0;0;0;0;0;0;0
build1;5;-1;0;0;0;0;0;0;0;0;0;0;0;0;0;0;0;0;0;0;0;0;0;0
build2;6;-1;0;0;0;0;0;0;0;0;0;0;0;0;0;0;0;0;0;0;0;0;0;0
build3;7;-1;0;0;0;0;0;0;0;0;0;0;0;0;0;0;0;0;0;0;0;0;0;0
build4;8;-1;0;0;0;0;0;0;0;0;0;0;0;0;0;0;0;0;0;0;0;0;0;0
build5;9;-1;0;0;0;0;0;0;0;0;0;0;0;0;0;0;0;0;0;0;0;0;0;0
build6;10;-1;0;0;0;0;0;0;0;0;0;0;0;0;0;0;0;0;0;0;0;0;0;0
build7;11;-1;0;0;0;0;0;0;0;0;0;0;0;0;0;0;0;0;0;0;0;0;0;0
build8;12;-1;0;0;0;0;0;0;0;0;0;0;0;0;0;0;0;0;0;0;0;0;0;0
build9;13;-1;0;0;0;0;0;0;0;0;0;0;0;0;0;0;0;0;0;0;0;0;0;0
build10;14;-1;0;0;0;0;0;0;0;0;0;0;0;0;0;0;0;0;0;0;0;0;0;0
build11;15;-1;0;0;0;0;0;0;0;0;0;0;0;0;0;0;0;0;0;0;0;0;0;0
build12;16;-1;0;0;0;0;0;0;0;0;0;0;0;0;0;0;0;0;0;0;0;0;0;0
build13;17;-1;0;0;0;0;0;0;0;0;0;0;0;0;0;0;0;0;0;0;0;0;0;0
build14;18;-1;0;0;0;0;0;0;0;0;0;0;0;0;0;0;0;0;0;0;0;0;0;0
build15;19;-1;0;0;0;0;0;0;0;0;0;0;0;0;0;0;0;0;0;0;0;0;0;0
build16;20;-1;0;0;0;0;0;0;0;0;0;0;0;0;0;0;0;0;0;0;0;0;0;0
deep-water;21;-1;0;0;0;0;0;0;0;0;0;0;0;0;0;0;0;0;0;0;0;0;0;0
shallow-water;22;-1;0;0;0;0;0;0;0;0;0;0;0;0;0;0;0;0;0;0;0;0;0;0
tainted-water;23;-1;0;0;0;0;0;0;0;0;0;0;0;0;0;0;0;0;0;0;0;0;0;0
deep-tainted-water;24;-1;0;0;0;0;0;0;0;0;0;0;0;0;0;0;0;0;0;0;0;0;0;0
darksand-tainted-water;25;-1;0;0;0;0;0;0;0;0;0;0;0;0;0;0;0;0;0;0;0;0;0;0
sand-water;26;-1;0;0;0;0;0;0;0;0;0;0;0;0;0;0;0;0;0;0;0;0;0;0
darksand-water;27;-1;0;0;0;0;0;0;0;0;0;0;0;0;0;0;0;0;0;0;0;0;0;0
tar;28;-1;0;0;0;0;0;0;0;0;0;0;0;0;0;0;0;0;0;0;0;0;0;0
pooled-cryofluid;29;-1;0;0;0;0;0;0;0;0;0;0;0;0;0;0;0;0;0;0;0;0;0;0
molten-slag;30;-1;0;0;0;0;0;0;0;0;0;0;0;0;0;0;0;0;0;0;0;0;0;0
space;31;-1;0;0;0;0;0;0;0;0;0;0;0;0;0;0;0;0;0;0;0;0;0;0
empty;32;-1;0;0;0;0;0;0;0;0;0;0;0;0;0;0;0;0;0;0;0;0;0;0
stone;33;-1;0;0;0;0;0;0;0;0;0;0;0;0;0;0;0;0;0;0;0;0;0;0
crater-stone;34;-1;0;0;0;0;0;0;0;0;0;0;0;0;0;0;0;0;0;0;0;0;0;0
char;35;-1;0;0;0;0;0;0;0;0;0;0;0;0;0;0;0;0;0;0;0;0;0;0
basalt;36;-1;0;0;0;0;0;0;0;0;0;0;0;0;0;0;0;0;0;0;0;0;0;0
hotrock;37;-1;0;0;0;0;0;0;0;0;0;0;0;0;0;0;0;0;0;0;0;0;0;0
magmarock;38;-1;0;0;0;0;0;0;0;0;0;0;0;0;0;0;0;0;0;0;0;0;0;0
sand-floor;39;-1;0;0;0;0;0;0;0;0;0;0;0;0;0;0;0;0;0;0;0;0;0;0
darksand;40;-1;0;0;0;0;0;0;0;0;0;0;0;0;0;0;0;0;0;0;0;0;0;0
dirt;41;-1;0;0;0;0;0;0;0;0;0;0;0;0;0;0;0;0;0;0;0;0;0;0
mud;42;-1;0;0;0;0;0;0;0;0;0;0;0;0;0;0;0;0;0;0;0;0;0;0
dacite;43;-1;0;0;0;0;0;0;0;0;0;0;0;0;0;0;0;0;0;0;0;0;0;0
rhyolite;44;-1;0;0;0;0;0;0;0;0;0;0;0;0;0;0;0;0;0;0;0;0;0;0
rhyolite-crater;45;-1;0;0;0;0;0;0;0;0;0;0;0;0;0;0;0;0;0;0;0;0;0;0
rough-rhyolite;46;-1;0;0;0;0;0;0;0;0;0;0;0;0;0;0;0;0;0;0;0;0;0;0
regolith;47;-1;0;0;0;0;0;0;0;0;0;0;0;0;0;0;0;0;0;0;0;0;0;0
yellow-stone;48;-1;0;0;0;0;0;0;0;0;0;0;0;0;0;0;0;0;0;0;0;0;0;0
carbon-stone;49;-1;0;0;0;0;0;0;0;0;0;0;0;0;0;0;0;0;0;0;0;0;0;0
ferric-stone;50;-1;0;0;0;0;0;0;0;0;0;0;0;0;0;0;0;0;0;0;0;0;0;0
ferric-craters;51;-1;0;0;0;0;0;0;0;0;0;0;0;0;0;0;0;0;0;0;0;0;0;0
beryllic-stone;52;-1;0;0;0;0;0;0;0;0;0;0;0;0;0;0;0;0;0;0;0;0;0;0
crystalline-stone;53;-1;0;0;0;0;0;0;0;0;0;0;0;0;0;0;0;0;0;0;0;0;0;0
crystal-floor;54;-1;0;0;0;0;0;0;0;0;0;0;0;0;0;0;0;0;0;0;0;0;0;0
yellow-stone-plates;55;-1;0;0;0;0;0;0;0;0;0;0;0;0;0;0;0;0;0;0;0;0;0;0
red-stone;56;-1;0;0;0;0;0;0;0;0;0;0;0;0;0;0;0;0;0;0;0;0;0;0
dense-red-stone;57;-1;0;0;0;0;0;0;0;0;0;0;0;0;0;0;0;0;0;0;0;0;0;0
red-ice;58;-1;0;0;0;0;0;0;0;0;0;0;0;0;0;0;0;0;0;0;0;0;0;0
arkycite-floor;59;-1;0;0;0;0;0;0;0;0;0;0;0;0;0;0;0;0;0;0;0;0;0;0
arkyic-stone;60;-1;0;0;0;0;0;0;0;0;0;0;0;0;0;0;0;0;0;0;0;0;0;0
rhyolite-vent;61;-1;0;0;0;0;0;0;0;0;0;0;0;0;0;0;0;0;0;0;0;0;0;0
carbon-vent;62;-1;0;0;0;0;0;0;0;0;0;0;0;0;0;0;0;0;0;0;0;0;0;0
arkyic-vent;63;-1;0;0;0;0;0;0;0;0;0;0;0;0;0;0;0;0;0;0;0;0;0;0
yellow-stone-vent;64;-1;0;0;0;0;0;0;0;0;0;0;0;0;0;0;0;0;0;0;0;0;0;0
red-stone-vent;65;-1;0;0;0;0;0;0;0;0;0;0;0;0;0;0;0;0;0;0;0;0;0;0
crystalline-vent;66;-1;0;0;0;0;0;0;0;0;0;0;0;0;0;0;0;0;0;0;0;0;0;0
stone-vent;67;-1;0;0;0;0;0;0;0;0;0;0;0;0;0;0;0;0;0;0;0;0;0;0
basalt-vent;68;-1;0;0;0;0;0;0;0;0;0;0;0;0;0;0;0;0;0;0;0;0;0;0
redmat;69;-1;0;0;0;0;0;0;0;0;0;0;0;0;0;0;0;0;0;0;0;0;0;0
bluemat;70;-1;0;0;0;0;0;0;0;0;0;0;0;0;0;0;0;0;0;0;0;0;0;0
grass;71;-1;0;0;0;0;0;0;0;0;0;0;0;0;0;0;0;0;0;0;0;0;0;0
salt;72;-1;0;0;0;0;0;0;0;0;0;0;0;0;0;0;0;0;0;0;0;0;0;0
snow;73;-1;0;0;0;0;0;0;0;0;0;0;0;0;0;0;0;0;0;0;0;0;0;0
ice;74;-1;0;0;0;0;0;0;0;0;0;0;0;0;0;0;0;0;0;0;0;0;0;0
ice-snow;75;-1;0;0;0;0;0;0;0;0;0;0;0;0;0;0;0;0;0;0;0;0;0;0
shale;76;-1;0;0;0;0;0;0;0;0;0;0;0;0;0;0;0;0;0;0;0;0;0;0
moss;77;-1;0;0;0;0;0;0;0;0;0;0;0;0;0;0;0;0;0;0;0;0;0;0
core-zone;78;-1;0;0;0;0;0;0;0;0;0;0;0;0;0;0;0;0;0;0;0;0;0;0
spore-moss;79;-1;0;0;0;0;0;0;0;0;0;0;0;0;0;0;0;0;0;0;0;0;0;0
stone-wall;80;-1;0;0;0;0;0;0;0;0;0;0;0;0;0;0;0;0;0;0;0;0;0;0
spore-wall;81;-1;0;0;0;0;0;0;0;0;0;0;0;0;0;0;0;0;0;0;0;0;0;0
dirt-wall;82;-1;0;0;0;0;0;0;0;0;0;0;0;0;0;0;0;0;0;0;0;0;0;0
dacite-wall;83;-1;0;0;0;0;0;0;0;0;0;0;0;0;0;0;0;0;0;0;0;0;0;0
ice-wall;84;-1;0;0;0;0;0;0;0;0;0;0;0;0;0;0;0;0;0;0;0;0;0;0
snow-wall;85;-1;0;0;0;0;0;0;0;0;0;0;0;0;0;0;0;0;0;0;0;0;0;0
dune-wall;86;-1;0;0;0;0;0;0;0;0;0;0;0;0;0;0;0;0;0;0;0;0;0;0
regolith-wall;87;-1;0;0;0;0;0;0;0;0;0;0;0;0;0;0;0;0;0;0;0;0;0;0
yellow-stone-wall;88;-1;0;0;0;0;0;0;0;0;0;0;0;0;0;0;0;0;0;0;0;0;0;0
rhyolite-wall;89;-1;0;0;0;0;0;0;0;0;0;0;0;0;0;0;0;0;0;0;0;0;0;0
carbon-wall;90;-1;0;0;0;0;0;0;0;0;0;0;0;0;0;0;0;0;0;0;0;0;0;0
ferric-stone-wall;91;-1;0;0;0;0;0;0;0;0;0;0;0;0;0;0;0;0;0;0;0;0;0;0
beryllic-stone-wall;92;-1;0;0;0;0;0;0;0;0;0;0;0;0;0;0;0;0;0;0;0;0;0;0
arkyic-wall;93;-1;0;0;0;0;0;0;0;0;0;0;0;0;0;0;0;0;0;0;0;0;0;0
crystalline-stone-wall;94;-1;0;0;0;0;0;0;0;0;0;0;0;0;0;0;0;0;0;0;0;0;0;0
red-ice-wall;95;-1;0;0;0;0;0;0;0;0;0;0;0;0;0;0;0;0;0;0;0;0;0;0
red-stone-wall;96;-1;0;0;0;0;0;0;0;0;0;0;0;0;0;0;0;0;0;0;0;0;0;0
red-diamond-wall;97;-1;0;0;0;0;0;0;0;0;0;0;0;0;0;0;0;0;0;0;0;0;0;0
sand-wall;98;-1;0;0;0;0;0;0;0;0;0;0;0;0;0;0;0;0;0;0;0;0;0;0
salt-wall;99;-1;0;0;0;0;0;0;0;0;0;0;0;0;0;0;0;0;0;0;0;0;0;0
shrubs;100;-1;0;0;0;0;0;0;0;0;0;0;0;0;0;0;0;0;0;0;0;0;0;0
shale-wall;101;-1;0;0;0;0;0;0;0;0;0;0;0;0;0;0;0;0;0;0;0;0;0;0
spore-pine;102;-1;0;0;0;0;0;0;0;0;0;0;0;0;0;0;0;0;0;0;0;0;0;0
snow-pine;103;-1;0;0;0;0;0;0;0;0;0;0;0;0;0;0;0;0;0;0;0;0;0;0
pine;104;-1;0;0;0;0;0;0;0;0;0;0;0;0;0;0;0;0;0;0;0;0;0;0
white-tree-dead;105;-1;0;0;0;0;0;0;0;0;0;0;0;0;0;0;0;0;0;0;0;0;0;0
white-tree;106;-1;0;0;0;0;0;0;0;0;0;0;0;0;0;0;0;0;0;0;0;0;0;0
spore-cluster;107;-1;0;0;0;0;0;0;0;0;0;0;0;0;0;0;0;0;0;0;0;0;0;0
redweed;108;-1;0;0;0;0;0;0;0;0;0;0;0;0;0;0;0;0;0;0;0;0;0;0
pur-bush;109;-1;0;0;0;0;0;0;0;0;0;0;0;0;0;0;0;0;0;0;0;0;0;0
yellowcoral;110;-1;0;0;0;0;0;0;0;0;0;0;0;0;0;0;0;0;0;0;0;0;0;0
boulder;111;-1;0;0;0;0;0;0;0;0;0;0;0;0;0;0;0;0;0;0;0;0;0;0
snow-boulder;112;-1;0;0;0;0;0;0;0;0;0;0;0;0;0;0;0;0;0;0;0;0;0;0
shale-boulder;113;-1;0;0;0;0;0;0;0;0;0;0;0;0;0;0;0;0;0;0;0;0;0;0
sand-boulder;114;-1;0;0;0;0;0;0;0;0;0;0;0;0;0;0;0;0;0;0;0;0;0;0
dacite-boulder;115;-1;0;0;0;0;0;0;0;0;0;0;0;0;0;0;0;0;0;0;0;0;0;0
basalt-boulder;116;-1;0;0;0;0;0;0;0;0;0;0;0;0;0;0;0;0;0;0;0;0;0;0
carbon-boulder;117;-1;0;0;0;0;0;0;0;0;0;0;0;0;0;0;0;0;0;0;0;0;0;0
ferric-boulder;118;-1;0;0;0;0;0;0;0;0;0;0;0;0;0;0;0;0;0;0;0;0;0;0
beryllic-boulder;119;-1;0;0;0;0;0;0;0;0;0;0;0;0;0;0;0;0;0;0;0;0;0;0
yellow-stone-boulder;120;-1;0;0;0;0;0;0;0;0;0;0;0;0;0;0;0;0;0;0;0;0;0;0
arkyic-boulder;121;-1;0;0;0;0;0;0;0;0;0;0;0;0;0;0;0;0;0;0;0;0;0;0
crystal-cluster;122;-1;0;0;0;0;0;0;0;0;0;0;0;0;0;0;0;0;0;0;0;0;0;0
vibrant-crystal-cluster;123;-1;0;0;0;0;0;0;0;0;0;0;0;0;0;0;0;0;0;0;0;0;0;0
crystal-blocks;124;-1;0;0;0;0;0;0;0;0;0;0;0;0;0;0;0;0;0;0;0;0;0;0
crystal-orbs;125;-1;0;0;0;0;0;0;0;0;0;0;0;0;0;0;0;0;0;0;0;0;0;0
crystalline-boulder;126;-1;0;0;0;0;0;0;0;0;0;0;0;0;0;0;0;0;0;0;0;0;0;0
red-ice-boulder;127;-1;0;0;0;0;0;0;0;0;0;0;0;0;0;0;0;0;0;0;0;0;0;0
rhyolite-boulder;128;-1;0;0;0;0;0;0;0;0;0;0;0;0;0;0;0;0;0;0;0;0;0;0
red-stone-boulder;129;-1;0;0;0;0;0;0;0;0;0;0;0;0;0;0;0;0;0;0;0;0;0;0
metal-floor;130;-1;0;0;0;0;0;0;0;0;0;0;0;0;0;0;0;0;0;0;0;0;0;0
metal-floor-damaged;131;-1;0;0;0;0;0;0;0;0;0;0;0;0;0;0;0;0;0;0;0;0;0;0
metal-floor-2;132;-1;0;0;0;0;0;0;0;0;0;0;0;0;0;0;0;0;0;0;0;0;0;0
metal-floor-3;133;-1;0;0;0;0;0;0;0;0;0;0;0;0;0;0;0;0;0;0;0;0;0;0
metal-floor-4;134;-1;0;0;0;0;0;0;0;0;0;0;0;0;0;0;0;0;0;0;0;0;0;0
metal-floor-5;135;-1;0;0;0;0;0;0;0;0;0;0;0;0;0;0;0;0;0;0;0;0;0;0
dark-panel-1;136;-1;0;0;0;0;0;0;0;0;0;0;0;0;0;0;0;0;0;0;0;0;0;0
dark-panel-2;137;-1;0;0;0;0;0;0;0;0;0;0;0;0;0;0;0;0;0;0;0;0;0;0
dark-panel-3;138;-1;0;0;0;0;0;0;0;0;0;0;0;0;0;0;0;0;0;0;0;0;0;0
dark-panel-4;139;-1;0;0;0;0;0;0;0;0;0;0;0;0;0;0;0;0;0;0;0;0;0;0
dark-panel-5;140;-1;0;0;0;0;0;0;0;0;0;0;0;0;0;0;0;0;0;0;0;0;0;0
dark-panel-6;141;-1;0;0;0;0;0;0;0;0;0;0;0;0;0;0;0;0;0;0;0;0;0;0
dark-metal;142;-1;0;0;0;0;0;0;0;0;0;0;0;0;0;0;0;0;0;0;0;0;0;0
pebbles;143;-1;0;0;0;0;0;0;0;0;0;0;0;0;0;0;0;0;0;0;0;0;0;0
tendrils;144;-1;0;0;0;0;0;0;0;0;0;0;0;0;0;0;0;0;0;0;0;0;0;0
ore-copper;145;-1;0;0;0;0;0;0;0;0;0;0;0;0;0;0;0;0;0;0;0;0;0;0
ore-lead;146;-1;0;0;0;0;0;0;0;0;0;0;0;0;0;0;0;0;0;0;0;0;0;0
ore-scrap;147;-1;0;0;0;0;0;0;0;0;0;0;0;0;0;0;0;0;0;0;0;0;0;0
ore-coal;148;-1;0;0;0;0;0;0;0;0;0;0;0;0;0;0;0;0;0;0;0;0;0;0
ore-titanium;149;-1;0;0;0;0;0;0;0;0;0;0;0;0;0;0;0;0;0;0;0;0;0;0
ore-thorium;150;-1;0;0;0;0;0;0;0;0;0;0;0;0;0;0;0;0;0;0;0;0;0;0
ore-beryllium;151;-1;0;0;0;0;0;0;0;0;0;0;0;0;0;0;0;0;0;0;0;0;0;0
ore-tungsten;152;-1;0;0;0;0;0;0;0;0;0;0;0;0;0;0;0;0;0;0;0;0;0;0
ore-crystal-thorium;153;-1;0;0;0;0;0;0;0;0;0;0;0;0;0;0;0;0;0;0;0;0;0;0
ore-wall-thorium;154;-1;0;0;0;0;0;0;0;0;0;0;0;0;0;0;0;0;0;0;0;0;0;0
ore-wall-beryllium;155;-1;0;0;0;0;0;0;0;0;0;0;0;0;0;0;0;0;0;0;0;0;0;0
graphitic-wall;156;-1;0;0;0;0;0;0;0;0;0;0;0;0;0;0;0;0;0;0;0;0;0;0
ore-wall-tungsten;157;-1;0;0;0;0;0;0;0;0;0;0;0;0;0;0;0;0;0;0;0;0;0;0
graphite-press;158;0;75;30;0;0;0;0;0;0;0;0;0;0;0;0;0;0;0;0;0;0;0;0
multi-press;159;1;0;100;0;50;0;0;100;0;0;25;0;0;0;0;0;0;0;0;0;0;0;0
silicon-smelter;160;2;30;25;0;0;0;0;0;0;0;0;0;0;0;0;0;0;0;0;0;0;0;0
silicon-crucible;161;3;0;0;80;0;0;0;120;0;0;60;35;0;0;0;0;0;0;0;0;0;0;0
kiln;162;4;60;30;0;30;0;0;0;0;0;0;0;0;0;0;0;0;0;0;0;0;0;0
plastanium-compressor;163;5;0;115;0;60;0;0;80;0;0;80;0;0;0;0;0;0;0;0;0;0;0;0
phase-weaver;164;6;0;120;0;0;0;0;0;75;0;130;0;0;0;0;0;0;0;0;0;0;0;0
surge-smelter;165;180;0;80;0;0;0;0;0;70;0;80;0;0;0;0;0;0;0;0;0;0;0;0
cryofluid-mixer;166;7;0;65;0;0;0;0;60;0;0;40;0;0;0;0;0;0;0;0;0;0;0;0
pyratite-mixer;167;8;50;25;0;0;0;0;0;0;0;0;0;0;0;0;0;0;0;0;0;0;0;0
blast-mixer;168;9;0;30;0;0;0;0;20;0;0;0;0;0;0;0;0;0;0;0;0;0;0;0
melter;169;10;30;35;0;45;0;0;0;0;0;0;0;0;0;0;0;0;0;0;0;0;0;0
separator;170;11;30;0;0;0;0;0;25;0;0;0;0;0;0;0;0;0;0;0;0;0;0;0
disassembler;171;12;0;0;0;0;0;0;100;80;0;150;40;0;0;0;0;0;0;0;0;0;0;0
spore-press;172;13;0;35;0;0;0;0;0;0;0;30;0;0;0;0;0;0;0;0;0;0;0;0
pulverizer;173;14;30;25;0;0;0;0;0;0;0;0;0;0;0;0;0;0;0;0;0;0;0;0
coal-centrifuge;174;15;0;30;0;40;0;0;20;0;0;0;0;0;0;0;0;0;0;0;0;0;0;0
incinerator;175;16;0;15;0;5;0;0;0;0;0;0;0;0;0;0;0;0;0;0;0;0;0;0
silicon-arc-furnace;176;153;0;0;0;80;0;0;0;0;0;0;0;0;0;0;0;0;70;0;0;0;0;0
electrolyzer;177;178;0;0;0;40;0;0;0;0;0;50;0;0;0;0;0;0;130;80;0;0;0;0
atmospheric-concentrator;178;192;0;0;0;0;0;0;0;0;0;150;0;0;0;0;0;0;180;0;60;0;0;0
oxidation-chamber;179;179;0;0;0;80;0;0;0;0;0;100;0;0;0;0;0;0;120;120;0;0;0;0
electric-heater;180;186;0;0;0;0;0;0;0;0;0;0;0;0;0;0;0;0;30;30;30;0;0;0
slag-heater;181;238;0;0;0;0;0;0;0;0;0;0;0;0;0;0;0;0;20;50;20;0;0;0
phase-heater;182;201;0;0;0;0;0;0;0;0;0;0;0;0;0;0;0;0;30;0;30;30;0;0
heat-redirector;183;202;0;0;0;10;0;0;0;0;0;0;0;0;0;0;0;0;0;10;0;0;0;0
small-heat-redirector;184;255;0;0;0;8;0;0;0;0;0;0;0;0;8;0;0;0;0;0;0;0;0;0
heat-router;185;250;0;0;0;10;0;0;0;0;0;0;0;0;0;0;0;0;0;15;0;0;0;0
slag-incinerator;186;187;0;0;0;0;0;0;0;0;0;0;0;0;0;0;0;0;0;15;0;0;0;0
carbide-crucible;187;164;0;0;0;0;0;0;0;150;0;0;0;0;0;0;0;0;0;110;60;0;0;0
slag-centrifuge;188;185;0;0;0;60;0;0;0;0;0;40;0;0;0;0;0;0;0;0;40;70;0;0
surge-crucible;189;181;0;0;0;80;0;0;0;0;0;100;0;0;0;0;0;0;0;80;80;0;0;0
cyanogen-synthesizer;190;184;0;0;0;0;0;0;0;0;0;80;0;0;0;0;0;0;90;0;0;50;0;0
phase-synthesizer;191;188;0;0;0;0;0;0;0;100;0;100;0;0;0;0;0;0;0;200;0;90;0;0
heat-reactor;192;175;0;0;0;20;0;0;0;80;0;0;0;0;0;0;0;0;0;0;70;10;0;0
copper-wall;193;17;6;0;0;0;0;0;0;0;0;0;0;0;0;0;0;0;0;0;0;0;0;0
copper-wall-large;194;18;24;0;0;0;0;0;0;0;0;0;0;0;0;0;0;0;0;0;0;0;0;0
titanium-wall;195;19;0;0;0;0;0;0;6;0;0;0;0;0;0;0;0;0;0;0;0;0;0;0
titanium-wall-large;196;20;0;0;0;0;0;0;24;0;0;0;0;0;0;0;0;0;0;0;0;0;0;0
plastanium-wall;197;21;0;0;2;0;0;0;0;0;0;0;5;0;0;0;0;0;0;0;0;0;0;0
plastanium-wall-large;198;22;0;0;8;0;0;0;0;0;0;0;20;0;0;0;0;0;0;0;0;0;0;0
thorium-wall;199;23;0;0;0;0;0;0;0;6;0;0;0;0;0;0;0;0;0;0;0;0;0;0
thorium-wall-large;200;24;0;0;0;0;0;0;0;24;0;0;0;0;0;0;0;0;0;0;0;0;0;0
phase-wall;201;25;0;0;0;0;0;0;0;0;0;0;0;6;0;0;0;0;0;0;0;0;0;0
phase-wall-large;202;26;0;0;0;0;0;0;0;0;0;0;0;24;0;0;0;0;0;0;0;0;0;0
surge-wall;203;27;0;0;0;0;0;0;0;0;0;0;0;0;6;0;0;0;0;0;0;0;0;0
surge-wall-large;204;28;0;0;0;0;0;0;0;0;0;0;0;0;24;0;0;0;0;0;0;0;0;0
door;205;29;0;0;0;0;0;0;6;0;0;4;0;0;0;0;0;0;0;0;0;0;0;0
door-large;206;30;0;0;0;0;0;0;24;0;0;16;0;0;0;0;0;0;0;0;0;0;0;0
scrap-wall;207;31;0;0;0;0;0;0;0;0;6;0;0;0;0;0;0;0;0;0;0;0;0;0
scrap-wall-large;208;32;0;0;0;0;0;0;0;0;24;0;0;0;0;0;0;0;0;0;0;0;0;0
scrap-wall-huge;209;33;0;0;0;0;0;0;0;0;54;0;0;0;0;0;0;0;0;0;0;0;0;0
scrap-wall-gigantic;210;34;0;0;0;0;0;0;0;0;96;0;0;0;0;0;0;0;0;0;0;0;0;0
thruster;211;149;0;0;0;0;0;0;0;0;96;0;0;0;0;0;0;0;0;0;0;0;0;0
beryllium-wall;212;206;0;0;0;0;0;0;0;0;0;0;0;0;0;0;0;0;6;0;0;0;0;0
beryllium-wall-large;213;207;0;0;0;0;0;0;0;0;0;0;0;0;0;0;0;0;24;0;0;0;0;0
tungsten-wall;214;203;0;0;0;0;0;0;0;0;0;0;0;0;0;0;0;0;0;6;0;0;0;0
tungsten-wall-large;215;204;0;0;0;0;0;0;0;0;0;0;0;0;0;0;0;0;0;24;0;0;0;0
blast-door;216;227;0;0;0;0;0;0;0;0;0;24;0;0;0;0;0;0;0;24;0;0;0;0
reinforced-surge-wall;217;225;0;0;0;0;0;0;0;0;0;0;0;0;6;0;0;0;0;2;0;0;0;0
reinforced-surge-wall-large;218;234;0;0;0;0;0;0;0;0;0;0;0;0;24;0;0;0;0;8;0;0;0;0
carbide-wall;219;220;0;0;0;0;0;0;0;6;0;0;0;0;0;0;0;0;0;0;0;6;0;0
carbide-wall-large;220;221;0;0;0;0;0;0;0;24;0;0;0;0;0;0;0;0;0;0;0;24;0;0
shielded-wall;221;240;0;0;0;0;0;0;0;0;0;0;0;20;12;0;0;0;12;0;0;0;0;0
mender;222;35;25;30;0;0;0;0;0;0;0;0;0;0;0;0;0;0;0;0;0;0;0;0
mend-projector;223;36;50;100;0;0;0;0;25;0;0;40;0;0;0;0;0;0;0;0;0;0;0;0
overdrive-projector;224;37;0;100;0;0;0;0;75;0;0;75;30;0;0;0;0;0;0;0;0;0;0;0
overdrive-dome;225;38;0;200;0;0;0;0;130;0;0;130;80;0;120;0;0;0;0;0;0;0;0;0
force-projector;226;39;0;100;0;0;0;0;75;0;0;125;0;0;0;0;0;0;0;0;0;0;0;0
shock-mine;227;40;0;25;0;0;0;0;0;0;0;12;0;0;0;0;0;0;0;0;0;0;0;0
radar;228;226;0;0;0;50;0;0;0;0;0;60;0;0;0;0;0;0;10;0;0;0;0;0
build-tower;229;162;0;0;0;0;0;0;0;60;0;150;0;0;0;0;0;0;0;0;40;0;0;0
regen-projector;230;197;0;0;0;0;0;0;0;0;0;80;0;0;0;0;0;0;80;60;40;0;0;0
shockwave-tower;231;246;0;0;0;0;0;0;0;0;0;150;0;0;50;0;0;0;0;100;30;0;0;0
shield-projector;232;211;0;0;0;0;0;0;0;0;0;0;0;0;0;0;0;0;0;0;0;0;0;0
large-shield-projector;233;217;0;0;0;0;0;0;0;0;0;0;0;0;0;0;0;0;0;0;0;0;0;0
conveyor;234;41;1;0;0;0;0;0;0;0;0;0;0;0;0;0;0;0;0;0;0;0;0;0
titanium-conveyor;235;42;1;1;0;0;0;0;1;0;0;0;0;0;0;0;0;0;0;0;0;0;0;0
plastanium-conveyor;236;43;0;0;0;1;0;0;0;0;0;1;1;0;0;0;0;0;0;0;0;0;0;0
armored-conveyor;237;44;0;0;1;0;0;0;0;1;0;0;1;0;0;0;0;0;0;0;0;0;0;0
junction;238;45;3;0;0;0;0;0;0;0;0;0;0;0;0;0;0;0;0;0;0;0;0;0
bridge-conveyor;239;46;6;6;0;0;0;0;0;0;0;0;0;0;0;0;0;0;0;0;0;0;0;0
phase-conveyor;240;47;0;10;0;10;0;0;0;0;0;7;0;5;0;0;0;0;0;0;0;0;0;0
sorter;241;48;2;2;0;0;0;0;0;0;0;0;0;0;0;0;0;0;0;0;0;0;0;0
inverted-sorter;242;49;2;2;0;0;0;0;0;0;0;0;0;0;0;0;0;0;0;0;0;0;0;0
router;243;50;3;0;0;0;0;0;0;0;0;0;0;0;0;0;0;0;0;0;0;0;0;0
distributor;244;51;4;4;0;0;0;0;0;0;0;0;0;0;0;0;0;0;0;0;0;0;0;0
overflow-gate;245;52;4;2;0;0;0;0;0;0;0;0;0;0;0;0;0;0;0;0;0;0;0;0
underflow-gate;246;53;4;2;0;0;0;0;0;0;0;0;0;0;0;0;0;0;0;0;0;0;0;0
mass-driver;247;54;0;125;0;0;0;0;125;50;0;75;0;0;0;0;0;0;0;0;0;0;0;0
duct;248;55;0;0;0;0;0;0;0;0;0;0;0;0;0;0;0;0;1;0;0;0;0;0
armored-duct;249;229;0;0;0;0;0;0;0;0;0;0;0;0;0;0;0;0;2;1;0;0;0;0
duct-router;250;56;0;0;0;0;0;0;0;0;0;0;0;0;0;0;0;0;10;0;0;0;0;0
overflow-duct;251;182;0;0;0;8;0;0;0;0;0;0;0;0;0;0;0;0;8;0;0;0;0;0
underflow-duct;252;244;0;0;0;8;0;0;0;0;0;0;0;0;0;0;0;0;8;0;0;0;0;0
duct-bridge;253;57;0;0;0;0;0;0;0;0;0;0;0;0;0;0;0;0;15;0;0;0;0;0
duct-unloader;254;166;0;0;0;20;0;0;0;0;0;20;0;0;0;0;0;0;0;10;0;0;0;0
surge-conveyor;255;165;0;0;0;0;0;0;0;0;0;0;0;0;1;0;0;0;0;1;0;0;0;0
surge-router;256;167;0;0;0;0;0;0;0;0;0;0;0;0;5;0;0;0;0;1;0;0;0;0
unit-cargo-loader;257;193;0;0;0;0;0;0;0;0;0;80;0;0;50;0;0;0;0;0;20;0;0;0
unit-cargo-unload-point;258;194;0;0;0;0;0;0;0;0;0;60;0;0;0;0;0;0;0;60;0;0;0;0
mechanical-pump;259;58;15;0;10;0;0;0;0;0;0;0;0;0;0;0;0;0;0;0;0;0;0;0
rotary-pump;260;59;70;0;50;0;0;0;35;0;0;20;0;0;0;0;0;0;0;0;0;0;0;0
impulse-pump;261;176;80;0;90;0;0;0;40;35;0;30;0;0;0;0;0;0;0;0;0;0;0;0
conduit;262;60;0;0;1;0;0;0;0;0;0;0;0;0;0;0;0;0;0;0;0;0;0;0
pulse-conduit;263;61;0;0;1;0;0;0;2;0;0;0;0;0;0;0;0;0;0;0;0;0;0;0
plated-conduit;264;62;0;0;1;0;0;0;0;2;0;0;1;0;0;0;0;0;0;0;0;0;0;0
liquid-router;265;63;0;0;2;4;0;0;0;0;0;0;0;0;0;0;0;0;0;0;0;0;0;0
liquid-container;266;146;0;0;15;0;0;0;10;0;0;0;0;0;0;0;0;0;0;0;0;0;0;0
liquid-tank;267;64;0;0;40;0;0;0;30;0;0;0;0;0;0;0;0;0;0;0;0;0;0;0
liquid-junction;268;65;0;0;8;4;0;0;0;0;0;0;0;0;0;0;0;0;0;0;0;0;0;0
bridge-conduit;269;66;0;0;8;4;0;0;0;0;0;0;0;0;0;0;0;0;0;0;0;0;0;0
phase-conduit;270;67;0;0;20;0;0;0;10;0;0;7;0;5;0;0;0;0;0;0;0;0;0;0
reinforced-pump;271;177;0;0;0;0;0;0;0;0;0;20;0;0;0;0;0;0;40;30;0;0;0;0
reinforced-conduit;272;168;0;0;0;0;0;0;0;0;0;0;0;0;0;0;0;0;2;0;0;0;0;0
reinforced-liquid-junction;273;156;0;0;0;4;0;0;0;0;0;0;0;0;0;0;0;0;8;0;0;0;0;0
reinforced-bridge-conduit;274;172;0;0;0;8;0;0;0;0;0;0;0;0;0;0;0;0;20;0;0;0;0;0
reinforced-liquid-router;275;169;0;0;0;8;0;0;0;0;0;0;0;0;0;0;0;0;4;0;0;0;0;0
reinforced-liquid-container;276;170;0;0;0;0;0;0;0;0;0;0;0;0;0;0;0;0;16;10;0;0;0;0
reinforced-liquid-tank;277;171;0;0;0;0;0;0;0;0;0;0;0;0;0;0;0;0;50;40;0;0;0;0
power-node;278;68;2;6;0;0;0;0;0;0;0;0;0;0;0;0;0;0;0;0;0;0;0;0
power-node-large;279;69;0;10;0;0;0;0;5;0;0;3;0;0;0;0;0;0;0;0;0;0;0;0
surge-tower;280;70;0;10;0;0;0;0;7;0;0;15;0;0;15;0;0;0;0;0;0;0;0;0
diode;281;71;0;0;10;0;0;0;0;0;0;10;5;0;0;0;0;0;0;0;0;0;0;0
battery;282;72;5;20;0;0;0;0;0;0;0;0;0;0;0;0;0;0;0;0;0;0;0;0
battery-large;283;73;0;50;0;0;0;0;20;0;0;30;0;0;0;0;0;0;0;0;0;0;0;0
combustion-generator;284;74;25;15;0;0;0;0;0;0;0;0;0;0;0;0;0;0;0;0;0;0;0;0
thermal-generator;285;75;40;50;40;35;0;0;0;0;0;35;0;0;0;0;0;0;0;0;0;0;0;0
steam-generator;286;76;35;40;0;25;0;0;0;0;0;30;0;0;0;0;0;0;0;0;0;0;0;0
differential-generator;287;77;70;100;50;0;0;0;50;0;0;65;0;0;0;0;0;0;0;0;0;0;0;0
rtg-generator;288;78;0;100;0;0;0;0;0;50;0;75;75;25;0;0;0;0;0;0;0;0;0;0
solar-panel;289;79;0;10;0;0;0;0;0;0;0;8;0;0;0;0;0;0;0;0;0;0;0;0
solar-panel-large;290;80;0;60;0;0;0;0;0;0;0;70;0;15;0;0;0;0;0;0;0;0;0;0
thorium-reactor;291;81;0;300;50;150;0;0;0;150;0;200;0;0;0;0;0;0;0;0;0;0;0;0
impact-reactor;292;82;0;500;250;400;0;0;0;100;0;300;0;0;250;0;0;0;0;0;0;0;0;0
beam-node;293;160;0;0;0;0;0;0;0;0;0;0;0;0;0;0;0;0;8;0;0;0;0;0
beam-tower;294;161;0;0;0;0;0;0;0;0;0;10;0;0;0;0;0;0;30;0;10;0;0;0
beam-link;295;212;0;0;0;0;0;0;0;0;0;250;0;75;75;0;0;0;250;0;150;75;0;0
turbine-condenser;296;159;0;0;0;0;0;0;0;0;0;0;0;0;0;0;0;0;60;0;0;0;0;0
chemical-combustion-chamber;297;195;0;0;0;40;0;0;0;0;0;30;0;0;0;0;0;0;0;20;40;0;0;0
pyrolysis-generator;298;196;0;0;0;100;0;0;0;0;0;100;0;0;0;0;0;0;0;0;60;60;0;0
flux-reactor;299;248;0;0;0;300;0;0;0;0;0;600;0;0;200;0;0;0;0;0;100;100;0;0
neoplasia-reactor;300;249;0;0;0;0;0;0;0;0;0;500;0;150;200;0;0;0;0;750;150;300;0;0
mechanical-drill;301;83;12;0;0;0;0;0;0;0;0;0;0;0;0;0;0;0;0;0;0;0;0;0
pneumatic-drill;302;84;18;0;0;10;0;0;0;0;0;0;0;0;0;0;0;0;0;0;0;0;0;0
laser-drill;303;85;35;0;0;30;0;0;20;0;0;30;0;0;0;0;0;0;0;0;0;0;0;0
blast-drill;304;86;65;0;0;0;0;0;50;75;0;60;0;0;0;0;0;0;0;0;0;0;0;0
water-extractor;305;87;30;30;30;30;0;0;0;0;0;0;0;0;0;0;0;0;0;0;0;0;0;0
cultivator;306;88;25;25;0;0;0;0;0;0;0;10;0;0;0;0;0;0;0;0;0;0;0;0
oil-extractor;307;89;150;115;0;175;0;0;0;115;0;75;0;0;0;0;0;0;0;0;0;0;0;0
vent-condenser;308;200;0;0;0;20;0;0;0;0;0;0;0;0;0;0;0;0;60;0;0;0;0;0
cliff-crusher;309;154;0;0;0;25;0;0;0;0;0;0;0;0;0;0;0;0;20;0;0;0;0;0
large-cliff-crusher;310;256;0;0;0;0;0;0;0;0;0;80;0;0;15;0;0;0;100;50;0;0;0;0
plasma-bore;311;155;0;0;0;0;0;0;0;0;0;0;0;0;0;0;0;0;40;0;0;0;0;0
large-plasma-bore;312;183;0;0;0;0;0;0;0;0;0;100;0;0;0;0;0;0;100;70;25;0;0;0
impact-drill;313;163;0;0;0;60;0;0;0;0;0;70;0;0;0;0;0;0;90;0;0;0;0;0
eruption-drill;314;208;0;0;0;0;0;0;0;150;0;300;0;0;0;0;0;0;0;250;20;0;0;0
core-shard;315;90;1000;800;0;0;0;0;0;0;0;0;0;0;0;0;0;0;0;0;0;0;0;0
core-foundation;316;91;3000;3000;0;0;0;0;0;0;0;2000;0;0;0;0;0;0;0;0;0;0;0;0
core-nucleus;317;92;8000;8000;0;0;0;0;0;4000;0;5000;0;0;0;0;0;0;0;0;0;0;0;0
core-bastion;318;158;0;0;0;1000;0;0;0;0;0;1000;0;0;0;0;0;0;800;0;0;0;0;0
core-citadel;319;173;0;0;0;0;0;0;0;0;0;4000;0;0;0;0;0;0;4000;3000;1000;0;0;0
core-acropolis;320;174;0;0;0;0;0;0;0;0;0;5000;0;0;0;0;0;0;6000;5000;3000;3000;0;0
container;321;94;0;0;0;0;0;0;100;0;0;0;0;0;0;0;0;0;0;0;0;0;0;0
vault;322;93;0;0;0;0;0;0;250;125;0;0;0;0;0;0;0;0;0;0;0;0;0;0
unloader;323;95;0;0;0;0;0;0;25;0;0;30;0;0;0;0;0;0;0;0;0;0;0;0
reinforced-container;324;190;0;0;0;40;0;0;0;0;0;0;0;0;0;0;0;0;0;30;0;0;0;0
reinforced-vault;325;191;0;0;0;0;0;0;0;70;0;0;0;0;0;0;0;0;100;125;0;0;0;0
duo;326;96;35;0;0;0;0;0;0;0;0;0;0;0;0;0;0;0;0;0;0;0;0;0
scatter;327;97;85;45;0;0;0;0;0;0;0;0;0;0;0;0;0;0;0;0;0;0;0;0
scorch;328;98;25;0;0;22;0;0;0;0;0;0;0;0;0;0;0;0;0;0;0;0;0;0
hail;329;99;40;0;0;17;0;0;0;0;0;0;0;0;0;0;0;0;0;0;0;0;0;0
wave;330;100;25;75;45;0;0;0;0;0;0;0;0;0;0;0;0;0;0;0;0;0;0;0
lancer;331;101;60;70;0;0;0;0;30;0;0;60;0;0;0;0;0;0;0;0;0;0;0;0
arc;332;102;50;50;0;0;0;0;0;0;0;0;0;0;0;0;0;0;0;0;0;0;0;0
parallax;333;103;0;0;0;50;0;0;110;0;0;160;0;0;0;0;0;0;0;0;0;0;0;0
swarmer;334;104;0;0;0;35;0;0;35;0;0;30;45;0;0;0;0;0;0;0;0;0;0;0
salvo;335;105;100;0;0;80;0;0;50;0;0;0;0;0;0;0;0;0;0;0;0;0;0;0
segment;336;106;0;0;0;0;0;0;40;80;0;130;0;40;0;0;0;0;0;0;0;0;0;0
tsunami;337;107;0;400;100;0;0;0;250;100;0;0;0;0;0;0;0;0;0;0;0;0;0;0
fuse;338;108;225;0;0;225;0;0;0;100;0;0;0;0;0;0;0;0;0;0;0;0;0;0
ripple;339;109;150;0;0;135;0;0;60;0;0;0;0;0;0;0;0;0;0;0;0;0;0;0
cyclone;340;110;200;0;0;0;0;0;125;0;0;0;80;0;0;0;0;0;0;0;0;0;0;0
foreshadow;341;111;1000;0;600;0;0;0;0;0;0;600;200;0;300;0;0;0;0;0;0;0;0;0
spectre;342;112;900;0;0;300;0;0;0;250;0;0;175;0;250;0;0;0;0;0;0;0;0;0
meltdown;343;113;1200;350;0;300;0;0;0;0;0;325;0;0;325;0;0;0;0;0;0;0;0;0
breach;344;157;0;0;0;125;0;0;0;0;0;150;0;0;0;0;0;0;150;0;0;0;0;0
diffuse;345;231;0;0;0;200;0;0;0;0;0;200;0;0;0;0;0;0;150;50;0;0;0;0
sublimate;346;189;0;0;0;0;0;0;0;0;0;200;0;0;0;0;0;0;400;150;40;0;0;0
titan;347;198;0;0;0;0;0;0;0;400;0;300;0;0;0;0;0;0;0;250;0;0;0;0
disperse;348;216;0;0;0;0;0;0;0;50;0;200;0;0;0;0;0;0;350;0;150;0;0;0
afflict;349;239;0;0;0;250;0;0;0;0;0;200;0;0;125;0;0;0;0;0;40;0;0;0
lustre;350;241;0;0;0;200;0;0;0;0;0;250;0;0;0;0;0;0;0;0;50;90;0;0
scathe;351;242;0;0;0;400;0;0;0;0;0;450;0;0;0;0;0;0;0;500;100;200;0;0
smite;352;243;0;0;0;0;0;0;0;0;0;800;0;300;400;0;0;0;0;0;200;500;0;0
malign;353;245;0;0;0;500;0;0;0;0;0;500;0;200;0;0;0;0;1000;0;0;200;0;0
ground-factory;354;115;50;120;0;0;0;0;0;0;0;80;0;0;0;0;0;0;0;0;0;0;0;0
air-factory;355;116;60;70;0;0;0;0;0;0;0;0;0;0;0;0;0;0;0;0;0;0;0;0
naval-factory;356;117;150;130;120;0;0;0;0;0;0;0;0;0;0;0;0;0;0;0;0;0;0;0
additive-reconstructor;357;118;200;120;0;0;0;0;0;0;0;90;0;0;0;0;0;0;0;0;0;0;0;0
multiplicative-reconstructor;358;119;0;650;0;0;0;0;350;650;0;450;0;0;0;0;0;0;0;0;0;0;0;0
exponential-reconstructor;359;120;0;2000;0;0;0;0;2000;750;0;1000;450;600;0;0;0;0;0;0;0;0;0;0
tetrative-reconstructor;360;121;0;4000;0;0;0;0;0;1000;0;3000;600;600;800;0;0;0;0;0;0;0;0;0
repair-point;361;122;30;30;0;0;0;0;0;0;0;20;0;0;0;0;0;0;0;0;0;0;0;0
repair-turret;362;123;0;0;0;0;0;0;0;80;0;90;60;0;0;0;0;0;0;0;0;0;0;0
tank-fabricator;363;222;0;0;0;0;0;0;0;0;0;200;0;0;0;0;0;0;150;0;0;0;0;0
ship-fabricator;364;224;0;0;0;0;0;0;0;0;0;250;0;0;0;0;0;0;200;0;0;0;0;0
mech-fabricator;365;223;0;0;0;0;0;0;0;0;0;200;0;0;0;0;0;0;250;10;0;0;0;0
tank-refabricator;366;235;0;0;0;0;0;0;0;0;0;100;0;0;0;0;0;0;200;80;0;0;0;0
ship-refabricator;367;237;0;0;0;0;0;0;0;0;0;150;0;0;0;0;0;0;250;120;15;0;0;0
mech-refabricator;368;236;0;0;0;0;0;0;0;0;0;150;0;0;0;0;0;0;250;175;0;0;0;0
prime-refabricator;369;232;0;0;0;0;0;0;0;250;0;400;0;0;0;0;0;0;0;200;200;0;0;0
tank-assembler;370;205;0;0;0;0;0;0;0;500;0;500;0;0;0;0;0;0;0;0;150;80;0;0
ship-assembler;371;209;0;0;0;0;0;0;0;400;0;800;0;0;0;0;0;0;0;500;200;100;0;0
mech-assembler;372;210;0;0;0;0;0;0;0;600;0;900;0;0;0;0;0;0;0;500;200;200;0;0
basic-assembler-module;373;233;0;0;0;0;0;0;0;500;0;0;0;400;0;0;0;0;0;0;200;300;0;0
unit-repair-tower;374;230;0;0;0;90;0;0;0;0;0;90;0;0;0;0;0;0;0;80;0;0;0;0
payload-conveyor;375;124;10;0;0;10;0;0;0;0;0;0;0;0;0;0;0;0;0;0;0;0;0;0
payload-router;376;125;10;0;0;15;0;0;0;0;0;0;0;0;0;0;0;0;0;0;0;0;0;0
reinforced-payload-conveyor;377;214;0;0;0;0;0;0;0;0;0;0;0;0;0;0;0;0;0;10;0;0;0;0
reinforced-payload-router;378;215;0;0;0;0;0;0;0;0;0;0;0;0;0;0;0;0;0;15;0;0;0;0
payload-mass-driver;379;218;0;0;0;50;0;0;0;0;0;120;0;0;0;0;0;0;0;120;0;0;0;0
large-payload-mass-driver;380;251;0;0;0;100;0;0;0;200;0;200;0;0;0;0;0;0;0;200;30;0;0;0
small-deconstructor;381;199;0;0;0;80;0;0;0;0;0;100;0;0;0;0;0;0;100;0;40;0;0;0
deconstructor;382;147;0;0;0;0;0;0;0;0;0;250;0;0;0;0;0;0;250;0;100;250;0;0
constructor;383;148;0;0;0;0;0;0;0;0;0;100;0;0;0;0;0;0;150;80;0;0;0;0
large-constructor;384;150;0;0;0;0;0;0;0;0;0;150;0;40;0;0;0;0;0;200;150;0;0;0
payload-loader;385;151;0;0;0;50;0;0;0;0;0;50;0;0;0;0;0;0;0;80;0;0;0;0
payload-unloader;386;152;0;0;0;50;0;0;0;0;0;50;0;0;0;0;0;0;0;30;0;0;0;0
power-source;387;126;0;0;0;0;0;0;0;0;0;0;0;0;0;0;0;0;0;0;0;0;0;0
power-void;388;127;0;0;0;0;0;0;0;0;0;0;0;0;0;0;0;0;0;0;0;0;0;0
item-source;389;128;0;0;0;0;0;0;0;0;0;0;0;0;0;0;0;0;0;0;0;0;0;0
item-void;390;129;0;0;0;0;0;0;0;0;0;0;0;0;0;0;0;0;0;0;0;0;0;0
liquid-source;391;130;0;0;0;0;0;0;0;0;0;0;0;0;0;0;0;0;0;0;0;0;0;0
liquid-void;392;131;0;0;0;0;0;0;0;0;0;0;0;0;0;0;0;0;0;0;0;0;0;0
payload-source;393;133;0;0;0;0;0;0;0;0;0;0;0;0;0;0;0;0;0;0;0;0;0;0
payload-void;394;132;0;0;0;0;0;0;0;0;0;0;0;0;0;0;0;0;0;0;0;0;0;0
heat-source;395;247;0;0;0;0;0;0;0;0;0;0;0;0;0;0;0;0;0;0;0;0;0;0
illuminator;396;134;0;8;0;12;0;0;0;0;0;8;0;0;0;0;0;0;0;0;0;0;0;0
legacy-mech-pad;397;-1;0;0;0;0;0;0;0;0;0;0;0;0;0;0;0;0;0;0;0;0;0;0
legacy-unit-factory;398;-1;0;0;0;0;0;0;0;0;0;0;0;0;0;0;0;0;0;0;0;0;0;0
legacy-unit-factory-air;399;-1;0;0;0;0;0;0;0;0;0;0;0;0;0;0;0;0;0;0;0;0;0;0
legacy-unit-factory-ground;400;-1;0;0;0;0;0;0;0;0;0;0;0;0;0;0;0;0;0;0;0;0;0;0
command-center;401;114;0;0;0;0;0;0;0;0;0;0;0;0;0;0;0;0;0;0;0;0;0;0
launch-pad;402;135;350;200;0;0;0;0;150;0;0;140;0;0;0;0;0;0;0;0;0;0;0;0
advanced-launch-pad;403;257;350;300;0;0;0;0;200;0;0;250;0;0;0;0;0;0;0;0;0;0;0;0
landing-pad;404;258;200;0;0;100;0;0;100;0;0;0;0;0;0;0;0;0;0;0;0;0;0;0
interplanetary-accelerator;405;136;16000;0;0;0;0;0;12000;13000;0;11000;0;5000;6000;0;0;0;0;0;0;0;0;0
message;406;137;5;0;0;5;0;0;0;0;0;0;0;0;0;0;0;0;0;0;0;0;0;0
switch;407;138;5;0;0;5;0;0;0;0;0;0;0;0;0;0;0;0;0;0;0;0;0;0
micro-processor;408;139;90;50;0;0;0;0;0;0;0;50;0;0;0;0;0;0;0;0;0;0;0;0
logic-processor;409;140;0;320;0;60;0;0;0;50;0;80;0;0;0;0;0;0;0;0;0;0;0;0
hyper-processor;410;141;0;450;0;0;0;0;0;75;0;150;0;0;50;0;0;0;0;0;0;0;0;0
memory-cell;411;142;30;0;0;30;0;0;0;0;0;30;0;0;0;0;0;0;0;0;0;0;0;0
memory-bank;412;143;30;0;0;80;0;0;0;0;0;80;0;30;0;0;0;0;0;0;0;0;0;0
logic-display;413;144;0;100;50;0;0;0;0;0;0;50;0;0;0;0;0;0;0;0;0;0;0;0
large-logic-display;414;145;0;200;100;0;0;0;0;0;0;150;0;75;0;0;0;0;0;0;0;0;0;0
tile-logic-display;415;259;0;8;8;0;0;0;0;0;0;8;0;3;0;0;0;0;0;0;0;0;0;0
canvas;416;228;0;0;0;0;0;0;0;0;0;10;0;0;0;0;0;0;10;0;0;0;0;0
reinforced-message;417;252;0;0;0;10;0;0;0;0;0;0;0;0;0;0;0;0;5;0;0;0;0;0
world-processor;418;213;0;0;0;0;0;0;0;0;0;0;0;0;0;0;0;0;0;0;0;0;0;0
world-cell;419;219;0;0;0;0;0;0;0;0;0;0;0;0;0;0;0;0;0;0;0;0;0;0
world-message;420;253;0;0;0;0;0;0;0;0;0;0;0;0;0;0;0;0;0;0;0;0;0;0
world-switch;421;254;0;0;0;0;0;0;0;0;0;0;0;0;0;0;0;0;0;0;0;0;0;0
