// DO NOT EDIT! Generated by mimex - Mindustry Metadata Extractor
name;id;logicId;copper;lead;metaglass;graphite;sand;coal;titanium;thorium;scrap;silicon;plastanium;phase-fabric;surge-alloy;spore-pod;blast-compound;pyratite;beryllium;tungsten;oxide;carbide;fissile-matter;dormant-cyst
air;0;-1;0;0;0;0;0;0;0;0;0;0;0;0;0;0;0;0;0;0;0;0;0;0
spawn;1;-1;0;0;0;0;0;0;0;0;0;0;0;0;0;0;0;0;0;0;0;0;0;0
cliff;2;-1;0;0;0;0;0;0;0;0;0;0;0;0;0;0;0;0;0;0;0;0;0;0
build1;3;-1;0;0;0;0;0;0;0;0;0;0;0;0;0;0;0;0;0;0;0;0;0;0
build2;4;-1;0;0;0;0;0;0;0;0;0;0;0;0;0;0;0;0;0;0;0;0;0;0
build3;5;-1;0;0;0;0;0;0;0;0;0;0;0;0;0;0;0;0;0;0;0;0;0;0
build4;6;-1;0;0;0;0;0;0;0;0;0;0;0;0;0;0;0;0;0;0;0;0;0;0
build5;7;-1;0;0;0;0;0;0;0;0;0;0;0;0;0;0;0;0;0;0;0;0;0;0
build6;8;-1;0;0;0;0;0;0;0;0;0;0;0;0;0;0;0;0;0;0;0;0;0;0
build7;9;-1;0;0;0;0;0;0;0;0;0;0;0;0;0;0;0;0;0;0;0;0;0;0
build8;10;-1;0;0;0;0;0;0;0;0;0;0;0;0;0;0;0;0;0;0;0;0;0;0
build9;11;-1;0;0;0;0;0;0;0;0;0;0;0;0;0;0;0;0;0;0;0;0;0;0
build10;12;-1;0;0;0;0;0;0;0;0;0;0;0;0;0;0;0;0;0;0;0;0;0;0
build11;13;-1;0;0;0;0;0;0;0;0;0;0;0;0;0;0;0;0;0;0;0;0;0;0
build12;14;-1;0;0;0;0;0;0;0;0;0;0;0;0;0;0;0;0;0;0;0;0;0;0
build13;15;-1;0;0;0;0;0;0;0;0;0;0;0;0;0;0;0;0;0;0;0;0;0;0
build14;16;-1;0;0;0;0;0;0;0;0;0;0;0;0;0;0;0;0;0;0;0;0;0;0
build15;17;-1;0;0;0;0;0;0;0;0;0;0;0;0;0;0;0;0;0;0;0;0;0;0
build16;18;-1;0;0;0;0;0;0;0;0;0;0;0;0;0;0;0;0;0;0;0;0;0;0
deep-water;19;-1;0;0;0;0;0;0;0;0;0;0;0;0;0;0;0;0;0;0;0;0;0;0
shallow-water;20;-1;0;0;0;0;0;0;0;0;0;0;0;0;0;0;0;0;0;0;0;0;0;0
tainted-water;21;-1;0;0;0;0;0;0;0;0;0;0;0;0;0;0;0;0;0;0;0;0;0;0
deep-tainted-water;22;-1;0;0;0;0;0;0;0;0;0;0;0;0;0;0;0;0;0;0;0;0;0;0
darksand-tainted-water;23;-1;0;0;0;0;0;0;0;0;0;0;0;0;0;0;0;0;0;0;0;0;0;0
sand-water;24;-1;0;0;0;0;0;0;0;0;0;0;0;0;0;0;0;0;0;0;0;0;0;0
darksand-water;25;-1;0;0;0;0;0;0;0;0;0;0;0;0;0;0;0;0;0;0;0;0;0;0
tar;26;-1;0;0;0;0;0;0;0;0;0;0;0;0;0;0;0;0;0;0;0;0;0;0
pooled-cryofluid;27;-1;0;0;0;0;0;0;0;0;0;0;0;0;0;0;0;0;0;0;0;0;0;0
molten-slag;28;-1;0;0;0;0;0;0;0;0;0;0;0;0;0;0;0;0;0;0;0;0;0;0
space;29;-1;0;0;0;0;0;0;0;0;0;0;0;0;0;0;0;0;0;0;0;0;0;0
empty;30;-1;0;0;0;0;0;0;0;0;0;0;0;0;0;0;0;0;0;0;0;0;0;0
stone;31;-1;0;0;0;0;0;0;0;0;0;0;0;0;0;0;0;0;0;0;0;0;0;0
crater-stone;32;-1;0;0;0;0;0;0;0;0;0;0;0;0;0;0;0;0;0;0;0;0;0;0
char;33;-1;0;0;0;0;0;0;0;0;0;0;0;0;0;0;0;0;0;0;0;0;0;0
basalt;34;-1;0;0;0;0;0;0;0;0;0;0;0;0;0;0;0;0;0;0;0;0;0;0
hotrock;35;-1;0;0;0;0;0;0;0;0;0;0;0;0;0;0;0;0;0;0;0;0;0;0
magmarock;36;-1;0;0;0;0;0;0;0;0;0;0;0;0;0;0;0;0;0;0;0;0;0;0
sand-floor;37;-1;0;0;0;0;0;0;0;0;0;0;0;0;0;0;0;0;0;0;0;0;0;0
darksand;38;-1;0;0;0;0;0;0;0;0;0;0;0;0;0;0;0;0;0;0;0;0;0;0
dirt;39;-1;0;0;0;0;0;0;0;0;0;0;0;0;0;0;0;0;0;0;0;0;0;0
mud;40;-1;0;0;0;0;0;0;0;0;0;0;0;0;0;0;0;0;0;0;0;0;0;0
dacite;41;-1;0;0;0;0;0;0;0;0;0;0;0;0;0;0;0;0;0;0;0;0;0;0
rhyolite;42;-1;0;0;0;0;0;0;0;0;0;0;0;0;0;0;0;0;0;0;0;0;0;0
rhyolite-crater;43;-1;0;0;0;0;0;0;0;0;0;0;0;0;0;0;0;0;0;0;0;0;0;0
rough-rhyolite;44;-1;0;0;0;0;0;0;0;0;0;0;0;0;0;0;0;0;0;0;0;0;0;0
regolith;45;-1;0;0;0;0;0;0;0;0;0;0;0;0;0;0;0;0;0;0;0;0;0;0
yellow-stone;46;-1;0;0;0;0;0;0;0;0;0;0;0;0;0;0;0;0;0;0;0;0;0;0
carbon-stone;47;-1;0;0;0;0;0;0;0;0;0;0;0;0;0;0;0;0;0;0;0;0;0;0
ferric-stone;48;-1;0;0;0;0;0;0;0;0;0;0;0;0;0;0;0;0;0;0;0;0;0;0
ferric-craters;49;-1;0;0;0;0;0;0;0;0;0;0;0;0;0;0;0;0;0;0;0;0;0;0
beryllic-stone;50;-1;0;0;0;0;0;0;0;0;0;0;0;0;0;0;0;0;0;0;0;0;0;0
crystalline-stone;51;-1;0;0;0;0;0;0;0;0;0;0;0;0;0;0;0;0;0;0;0;0;0;0
crystal-floor;52;-1;0;0;0;0;0;0;0;0;0;0;0;0;0;0;0;0;0;0;0;0;0;0
yellow-stone-plates;53;-1;0;0;0;0;0;0;0;0;0;0;0;0;0;0;0;0;0;0;0;0;0;0
red-stone;54;-1;0;0;0;0;0;0;0;0;0;0;0;0;0;0;0;0;0;0;0;0;0;0
dense-red-stone;55;-1;0;0;0;0;0;0;0;0;0;0;0;0;0;0;0;0;0;0;0;0;0;0
red-ice;56;-1;0;0;0;0;0;0;0;0;0;0;0;0;0;0;0;0;0;0;0;0;0;0
arkycite-floor;57;-1;0;0;0;0;0;0;0;0;0;0;0;0;0;0;0;0;0;0;0;0;0;0
arkyic-stone;58;-1;0;0;0;0;0;0;0;0;0;0;0;0;0;0;0;0;0;0;0;0;0;0
rhyolite-vent;59;-1;0;0;0;0;0;0;0;0;0;0;0;0;0;0;0;0;0;0;0;0;0;0
carbon-vent;60;-1;0;0;0;0;0;0;0;0;0;0;0;0;0;0;0;0;0;0;0;0;0;0
arkyic-vent;61;-1;0;0;0;0;0;0;0;0;0;0;0;0;0;0;0;0;0;0;0;0;0;0
yellow-stone-vent;62;-1;0;0;0;0;0;0;0;0;0;0;0;0;0;0;0;0;0;0;0;0;0;0
red-stone-vent;63;-1;0;0;0;0;0;0;0;0;0;0;0;0;0;0;0;0;0;0;0;0;0;0
crystalline-vent;64;-1;0;0;0;0;0;0;0;0;0;0;0;0;0;0;0;0;0;0;0;0;0;0
redmat;65;-1;0;0;0;0;0;0;0;0;0;0;0;0;0;0;0;0;0;0;0;0;0;0
bluemat;66;-1;0;0;0;0;0;0;0;0;0;0;0;0;0;0;0;0;0;0;0;0;0;0
grass;67;-1;0;0;0;0;0;0;0;0;0;0;0;0;0;0;0;0;0;0;0;0;0;0
salt;68;-1;0;0;0;0;0;0;0;0;0;0;0;0;0;0;0;0;0;0;0;0;0;0
snow;69;-1;0;0;0;0;0;0;0;0;0;0;0;0;0;0;0;0;0;0;0;0;0;0
ice;70;-1;0;0;0;0;0;0;0;0;0;0;0;0;0;0;0;0;0;0;0;0;0;0
ice-snow;71;-1;0;0;0;0;0;0;0;0;0;0;0;0;0;0;0;0;0;0;0;0;0;0
shale;72;-1;0;0;0;0;0;0;0;0;0;0;0;0;0;0;0;0;0;0;0;0;0;0
moss;73;-1;0;0;0;0;0;0;0;0;0;0;0;0;0;0;0;0;0;0;0;0;0;0
core-zone;74;-1;0;0;0;0;0;0;0;0;0;0;0;0;0;0;0;0;0;0;0;0;0;0
spore-moss;75;-1;0;0;0;0;0;0;0;0;0;0;0;0;0;0;0;0;0;0;0;0;0;0
stone-wall;76;-1;0;0;0;0;0;0;0;0;0;0;0;0;0;0;0;0;0;0;0;0;0;0
spore-wall;77;-1;0;0;0;0;0;0;0;0;0;0;0;0;0;0;0;0;0;0;0;0;0;0
dirt-wall;78;-1;0;0;0;0;0;0;0;0;0;0;0;0;0;0;0;0;0;0;0;0;0;0
dacite-wall;79;-1;0;0;0;0;0;0;0;0;0;0;0;0;0;0;0;0;0;0;0;0;0;0
ice-wall;80;-1;0;0;0;0;0;0;0;0;0;0;0;0;0;0;0;0;0;0;0;0;0;0
snow-wall;81;-1;0;0;0;0;0;0;0;0;0;0;0;0;0;0;0;0;0;0;0;0;0;0
dune-wall;82;-1;0;0;0;0;0;0;0;0;0;0;0;0;0;0;0;0;0;0;0;0;0;0
regolith-wall;83;-1;0;0;0;0;0;0;0;0;0;0;0;0;0;0;0;0;0;0;0;0;0;0
yellow-stone-wall;84;-1;0;0;0;0;0;0;0;0;0;0;0;0;0;0;0;0;0;0;0;0;0;0
rhyolite-wall;85;-1;0;0;0;0;0;0;0;0;0;0;0;0;0;0;0;0;0;0;0;0;0;0
carbon-wall;86;-1;0;0;0;0;0;0;0;0;0;0;0;0;0;0;0;0;0;0;0;0;0;0
ferric-stone-wall;87;-1;0;0;0;0;0;0;0;0;0;0;0;0;0;0;0;0;0;0;0;0;0;0
beryllic-stone-wall;88;-1;0;0;0;0;0;0;0;0;0;0;0;0;0;0;0;0;0;0;0;0;0;0
arkyic-wall;89;-1;0;0;0;0;0;0;0;0;0;0;0;0;0;0;0;0;0;0;0;0;0;0
crystalline-stone-wall;90;-1;0;0;0;0;0;0;0;0;0;0;0;0;0;0;0;0;0;0;0;0;0;0
red-ice-wall;91;-1;0;0;0;0;0;0;0;0;0;0;0;0;0;0;0;0;0;0;0;0;0;0
red-stone-wall;92;-1;0;0;0;0;0;0;0;0;0;0;0;0;0;0;0;0;0;0;0;0;0;0
red-diamond-wall;93;-1;0;0;0;0;0;0;0;0;0;0;0;0;0;0;0;0;0;0;0;0;0;0
sand-wall;94;-1;0;0;0;0;0;0;0;0;0;0;0;0;0;0;0;0;0;0;0;0;0;0
salt-wall;95;-1;0;0;0;0;0;0;0;0;0;0;0;0;0;0;0;0;0;0;0;0;0;0
shrubs;96;-1;0;0;0;0;0;0;0;0;0;0;0;0;0;0;0;0;0;0;0;0;0;0
shale-wall;97;-1;0;0;0;0;0;0;0;0;0;0;0;0;0;0;0;0;0;0;0;0;0;0
spore-pine;98;-1;0;0;0;0;0;0;0;0;0;0;0;0;0;0;0;0;0;0;0;0;0;0
snow-pine;99;-1;0;0;0;0;0;0;0;0;0;0;0;0;0;0;0;0;0;0;0;0;0;0
pine;100;-1;0;0;0;0;0;0;0;0;0;0;0;0;0;0;0;0;0;0;0;0;0;0
white-tree-dead;101;-1;0;0;0;0;0;0;0;0;0;0;0;0;0;0;0;0;0;0;0;0;0;0
white-tree;102;-1;0;0;0;0;0;0;0;0;0;0;0;0;0;0;0;0;0;0;0;0;0;0
spore-cluster;103;-1;0;0;0;0;0;0;0;0;0;0;0;0;0;0;0;0;0;0;0;0;0;0
redweed;104;-1;0;0;0;0;0;0;0;0;0;0;0;0;0;0;0;0;0;0;0;0;0;0
pur-bush;105;-1;0;0;0;0;0;0;0;0;0;0;0;0;0;0;0;0;0;0;0;0;0;0
yellowcoral;106;-1;0;0;0;0;0;0;0;0;0;0;0;0;0;0;0;0;0;0;0;0;0;0
boulder;107;-1;0;0;0;0;0;0;0;0;0;0;0;0;0;0;0;0;0;0;0;0;0;0
snow-boulder;108;-1;0;0;0;0;0;0;0;0;0;0;0;0;0;0;0;0;0;0;0;0;0;0
shale-boulder;109;-1;0;0;0;0;0;0;0;0;0;0;0;0;0;0;0;0;0;0;0;0;0;0
sand-boulder;110;-1;0;0;0;0;0;0;0;0;0;0;0;0;0;0;0;0;0;0;0;0;0;0
dacite-boulder;111;-1;0;0;0;0;0;0;0;0;0;0;0;0;0;0;0;0;0;0;0;0;0;0
basalt-boulder;112;-1;0;0;0;0;0;0;0;0;0;0;0;0;0;0;0;0;0;0;0;0;0;0
carbon-boulder;113;-1;0;0;0;0;0;0;0;0;0;0;0;0;0;0;0;0;0;0;0;0;0;0
ferric-boulder;114;-1;0;0;0;0;0;0;0;0;0;0;0;0;0;0;0;0;0;0;0;0;0;0
beryllic-boulder;115;-1;0;0;0;0;0;0;0;0;0;0;0;0;0;0;0;0;0;0;0;0;0;0
yellow-stone-boulder;116;-1;0;0;0;0;0;0;0;0;0;0;0;0;0;0;0;0;0;0;0;0;0;0
arkyic-boulder;117;-1;0;0;0;0;0;0;0;0;0;0;0;0;0;0;0;0;0;0;0;0;0;0
crystal-cluster;118;-1;0;0;0;0;0;0;0;0;0;0;0;0;0;0;0;0;0;0;0;0;0;0
vibrant-crystal-cluster;119;-1;0;0;0;0;0;0;0;0;0;0;0;0;0;0;0;0;0;0;0;0;0;0
crystal-blocks;120;-1;0;0;0;0;0;0;0;0;0;0;0;0;0;0;0;0;0;0;0;0;0;0
crystal-orbs;121;-1;0;0;0;0;0;0;0;0;0;0;0;0;0;0;0;0;0;0;0;0;0;0
crystalline-boulder;122;-1;0;0;0;0;0;0;0;0;0;0;0;0;0;0;0;0;0;0;0;0;0;0
red-ice-boulder;123;-1;0;0;0;0;0;0;0;0;0;0;0;0;0;0;0;0;0;0;0;0;0;0
rhyolite-boulder;124;-1;0;0;0;0;0;0;0;0;0;0;0;0;0;0;0;0;0;0;0;0;0;0
red-stone-boulder;125;-1;0;0;0;0;0;0;0;0;0;0;0;0;0;0;0;0;0;0;0;0;0;0
metal-floor;126;-1;0;0;0;0;0;0;0;0;0;0;0;0;0;0;0;0;0;0;0;0;0;0
metal-floor-damaged;127;-1;0;0;0;0;0;0;0;0;0;0;0;0;0;0;0;0;0;0;0;0;0;0
metal-floor-2;128;-1;0;0;0;0;0;0;0;0;0;0;0;0;0;0;0;0;0;0;0;0;0;0
metal-floor-3;129;-1;0;0;0;0;0;0;0;0;0;0;0;0;0;0;0;0;0;0;0;0;0;0
metal-floor-4;130;-1;0;0;0;0;0;0;0;0;0;0;0;0;0;0;0;0;0;0;0;0;0;0
metal-floor-5;131;-1;0;0;0;0;0;0;0;0;0;0;0;0;0;0;0;0;0;0;0;0;0;0
dark-panel-1;132;-1;0;0;0;0;0;0;0;0;0;0;0;0;0;0;0;0;0;0;0;0;0;0
dark-panel-2;133;-1;0;0;0;0;0;0;0;0;0;0;0;0;0;0;0;0;0;0;0;0;0;0
dark-panel-3;134;-1;0;0;0;0;0;0;0;0;0;0;0;0;0;0;0;0;0;0;0;0;0;0
dark-panel-4;135;-1;0;0;0;0;0;0;0;0;0;0;0;0;0;0;0;0;0;0;0;0;0;0
dark-panel-5;136;-1;0;0;0;0;0;0;0;0;0;0;0;0;0;0;0;0;0;0;0;0;0;0
dark-panel-6;137;-1;0;0;0;0;0;0;0;0;0;0;0;0;0;0;0;0;0;0;0;0;0;0
dark-metal;138;-1;0;0;0;0;0;0;0;0;0;0;0;0;0;0;0;0;0;0;0;0;0;0
pebbles;139;-1;0;0;0;0;0;0;0;0;0;0;0;0;0;0;0;0;0;0;0;0;0;0
tendrils;140;-1;0;0;0;0;0;0;0;0;0;0;0;0;0;0;0;0;0;0;0;0;0;0
ore-copper;141;-1;0;0;0;0;0;0;0;0;0;0;0;0;0;0;0;0;0;0;0;0;0;0
ore-lead;142;-1;0;0;0;0;0;0;0;0;0;0;0;0;0;0;0;0;0;0;0;0;0;0
ore-scrap;143;-1;0;0;0;0;0;0;0;0;0;0;0;0;0;0;0;0;0;0;0;0;0;0
ore-coal;144;-1;0;0;0;0;0;0;0;0;0;0;0;0;0;0;0;0;0;0;0;0;0;0
ore-titanium;145;-1;0;0;0;0;0;0;0;0;0;0;0;0;0;0;0;0;0;0;0;0;0;0
ore-thorium;146;-1;0;0;0;0;0;0;0;0;0;0;0;0;0;0;0;0;0;0;0;0;0;0
ore-beryllium;147;-1;0;0;0;0;0;0;0;0;0;0;0;0;0;0;0;0;0;0;0;0;0;0
ore-tungsten;148;-1;0;0;0;0;0;0;0;0;0;0;0;0;0;0;0;0;0;0;0;0;0;0
ore-crystal-thorium;149;-1;0;0;0;0;0;0;0;0;0;0;0;0;0;0;0;0;0;0;0;0;0;0
ore-wall-thorium;150;-1;0;0;0;0;0;0;0;0;0;0;0;0;0;0;0;0;0;0;0;0;0;0
ore-wall-beryllium;151;-1;0;0;0;0;0;0;0;0;0;0;0;0;0;0;0;0;0;0;0;0;0;0
graphitic-wall;152;-1;0;0;0;0;0;0;0;0;0;0;0;0;0;0;0;0;0;0;0;0;0;0
ore-wall-tungsten;153;-1;0;0;0;0;0;0;0;0;0;0;0;0;0;0;0;0;0;0;0;0;0;0
graphite-press;154;0;75;30;0;0;0;0;0;0;0;0;0;0;0;0;0;0;0;0;0;0;0;0
multi-press;155;1;0;100;0;50;0;0;100;0;0;25;0;0;0;0;0;0;0;0;0;0;0;0
silicon-smelter;156;2;30;25;0;0;0;0;0;0;0;0;0;0;0;0;0;0;0;0;0;0;0;0
silicon-crucible;157;3;0;0;80;0;0;0;120;0;0;60;35;0;0;0;0;0;0;0;0;0;0;0
kiln;158;4;60;30;0;30;0;0;0;0;0;0;0;0;0;0;0;0;0;0;0;0;0;0
plastanium-compressor;159;5;0;115;0;60;0;0;80;0;0;80;0;0;0;0;0;0;0;0;0;0;0;0
phase-weaver;160;6;0;120;0;0;0;0;0;75;0;130;0;0;0;0;0;0;0;0;0;0;0;0
surge-smelter;161;180;0;80;0;0;0;0;0;70;0;80;0;0;0;0;0;0;0;0;0;0;0;0
cryofluid-mixer;162;7;0;65;0;0;0;0;60;0;0;40;0;0;0;0;0;0;0;0;0;0;0;0
pyratite-mixer;163;8;50;25;0;0;0;0;0;0;0;0;0;0;0;0;0;0;0;0;0;0;0;0
blast-mixer;164;9;0;30;0;0;0;0;20;0;0;0;0;0;0;0;0;0;0;0;0;0;0;0
melter;165;10;30;35;0;45;0;0;0;0;0;0;0;0;0;0;0;0;0;0;0;0;0;0
separator;166;11;30;0;0;0;0;0;25;0;0;0;0;0;0;0;0;0;0;0;0;0;0;0
disassembler;167;12;0;0;0;0;0;0;100;80;0;150;40;0;0;0;0;0;0;0;0;0;0;0
spore-press;168;13;0;35;0;0;0;0;0;0;0;30;0;0;0;0;0;0;0;0;0;0;0;0
pulverizer;169;14;30;25;0;0;0;0;0;0;0;0;0;0;0;0;0;0;0;0;0;0;0;0
coal-centrifuge;170;15;0;30;0;40;0;0;20;0;0;0;0;0;0;0;0;0;0;0;0;0;0;0
incinerator;171;16;0;15;0;5;0;0;0;0;0;0;0;0;0;0;0;0;0;0;0;0;0;0
silicon-arc-furnace;172;153;0;0;0;80;0;0;0;0;0;0;0;0;0;0;0;0;70;0;0;0;0;0
electrolyzer;173;178;0;0;0;40;0;0;0;0;0;50;0;0;0;0;0;0;130;80;0;0;0;0
atmospheric-concentrator;174;192;0;0;0;0;0;0;0;0;0;150;0;0;0;0;0;0;180;0;60;0;0;0
oxidation-chamber;175;179;0;0;0;80;0;0;0;0;0;100;0;0;0;0;0;0;120;120;0;0;0;0
electric-heater;176;186;0;0;0;0;0;0;0;0;0;0;0;0;0;0;0;0;0;30;30;0;0;0
slag-heater;177;238;0;0;0;0;0;0;0;0;0;0;0;0;0;0;0;0;20;50;20;0;0;0
phase-heater;178;201;0;0;0;0;0;0;0;0;0;0;0;0;0;0;0;0;30;0;30;30;0;0
heat-redirector;179;202;0;0;0;10;0;0;0;0;0;0;0;0;0;0;0;0;0;10;0;0;0;0
heat-router;180;250;0;0;0;10;0;0;0;0;0;0;0;0;0;0;0;0;0;15;0;0;0;0
slag-incinerator;181;187;0;0;0;0;0;0;0;0;0;0;0;0;0;0;0;0;0;15;0;0;0;0
carbide-crucible;182;164;0;0;0;0;0;0;0;150;0;0;0;0;0;0;0;0;0;110;60;0;0;0
slag-centrifuge;183;185;0;0;0;60;0;0;0;0;0;40;0;0;0;0;0;0;0;0;40;70;0;0
surge-crucible;184;181;0;0;0;80;0;0;0;0;0;100;0;0;0;0;0;0;0;80;80;0;0;0
cyanogen-synthesizer;185;184;0;0;0;0;0;0;0;0;0;80;0;0;0;0;0;0;90;0;0;50;0;0
phase-synthesizer;186;188;0;0;0;0;0;0;0;100;0;100;0;0;0;0;0;0;0;200;0;90;0;0
heat-reactor;187;175;0;0;0;20;0;0;0;80;0;0;0;0;0;0;0;0;0;0;70;10;0;0
copper-wall;188;17;6;0;0;0;0;0;0;0;0;0;0;0;0;0;0;0;0;0;0;0;0;0
copper-wall-large;189;18;24;0;0;0;0;0;0;0;0;0;0;0;0;0;0;0;0;0;0;0;0;0
titanium-wall;190;19;0;0;0;0;0;0;6;0;0;0;0;0;0;0;0;0;0;0;0;0;0;0
titanium-wall-large;191;20;0;0;0;0;0;0;24;0;0;0;0;0;0;0;0;0;0;0;0;0;0;0
plastanium-wall;192;21;0;0;2;0;0;0;0;0;0;0;5;0;0;0;0;0;0;0;0;0;0;0
plastanium-wall-large;193;22;0;0;8;0;0;0;0;0;0;0;20;0;0;0;0;0;0;0;0;0;0;0
thorium-wall;194;23;0;0;0;0;0;0;0;6;0;0;0;0;0;0;0;0;0;0;0;0;0;0
thorium-wall-large;195;24;0;0;0;0;0;0;0;24;0;0;0;0;0;0;0;0;0;0;0;0;0;0
phase-wall;196;25;0;0;0;0;0;0;0;0;0;0;0;6;0;0;0;0;0;0;0;0;0;0
phase-wall-large;197;26;0;0;0;0;0;0;0;0;0;0;0;24;0;0;0;0;0;0;0;0;0;0
surge-wall;198;27;0;0;0;0;0;0;0;0;0;0;0;0;6;0;0;0;0;0;0;0;0;0
surge-wall-large;199;28;0;0;0;0;0;0;0;0;0;0;0;0;24;0;0;0;0;0;0;0;0;0
door;200;29;0;0;0;0;0;0;6;0;0;4;0;0;0;0;0;0;0;0;0;0;0;0
door-large;201;30;0;0;0;0;0;0;24;0;0;16;0;0;0;0;0;0;0;0;0;0;0;0
scrap-wall;202;31;0;0;0;0;0;0;0;0;6;0;0;0;0;0;0;0;0;0;0;0;0;0
scrap-wall-large;203;32;0;0;0;0;0;0;0;0;24;0;0;0;0;0;0;0;0;0;0;0;0;0
scrap-wall-huge;204;33;0;0;0;0;0;0;0;0;54;0;0;0;0;0;0;0;0;0;0;0;0;0
scrap-wall-gigantic;205;34;0;0;0;0;0;0;0;0;96;0;0;0;0;0;0;0;0;0;0;0;0;0
thruster;206;149;0;0;0;0;0;0;0;0;96;0;0;0;0;0;0;0;0;0;0;0;0;0
beryllium-wall;207;206;0;0;0;0;0;0;0;0;0;0;0;0;0;0;0;0;6;0;0;0;0;0
beryllium-wall-large;208;207;0;0;0;0;0;0;0;0;0;0;0;0;0;0;0;0;24;0;0;0;0;0
tungsten-wall;209;203;0;0;0;0;0;0;0;0;0;0;0;0;0;0;0;0;0;6;0;0;0;0
tungsten-wall-large;210;204;0;0;0;0;0;0;0;0;0;0;0;0;0;0;0;0;0;24;0;0;0;0
blast-door;211;227;0;0;0;0;0;0;0;0;0;24;0;0;0;0;0;0;0;24;0;0;0;0
reinforced-surge-wall;212;225;0;0;0;0;0;0;0;0;0;0;0;0;6;0;0;0;0;2;0;0;0;0
reinforced-surge-wall-large;213;234;0;0;0;0;0;0;0;0;0;0;0;0;24;0;0;0;0;8;0;0;0;0
carbide-wall;214;220;0;0;0;0;0;0;0;6;0;0;0;0;0;0;0;0;0;0;0;6;0;0
carbide-wall-large;215;221;0;0;0;0;0;0;0;24;0;0;0;0;0;0;0;0;0;0;0;24;0;0
shielded-wall;216;240;0;0;0;0;0;0;0;0;0;0;0;20;12;0;0;0;12;0;0;0;0;0
mender;217;35;25;30;0;0;0;0;0;0;0;0;0;0;0;0;0;0;0;0;0;0;0;0
mend-projector;218;36;50;100;0;0;0;0;25;0;0;40;0;0;0;0;0;0;0;0;0;0;0;0
overdrive-projector;219;37;0;100;0;0;0;0;75;0;0;75;30;0;0;0;0;0;0;0;0;0;0;0
overdrive-dome;220;38;0;200;0;0;0;0;130;0;0;130;80;0;120;0;0;0;0;0;0;0;0;0
force-projector;221;39;0;100;0;0;0;0;75;0;0;125;0;0;0;0;0;0;0;0;0;0;0;0
shock-mine;222;40;0;25;0;0;0;0;0;0;0;12;0;0;0;0;0;0;0;0;0;0;0;0
radar;223;226;0;0;0;50;0;0;0;0;0;60;0;0;0;0;0;0;10;0;0;0;0;0
build-tower;224;162;0;0;0;0;0;0;0;60;0;150;0;0;0;0;0;0;0;0;40;0;0;0
regen-projector;225;197;0;0;0;0;0;0;0;0;0;80;0;0;0;0;0;0;80;60;40;0;0;0
shockwave-tower;226;246;0;0;0;0;0;0;0;0;0;150;0;0;50;0;0;0;0;100;30;0;0;0
shield-projector;227;211;0;0;0;0;0;0;0;0;0;0;0;0;0;0;0;0;0;0;0;0;0;0
large-shield-projector;228;217;0;0;0;0;0;0;0;0;0;0;0;0;0;0;0;0;0;0;0;0;0;0
conveyor;229;41;1;0;0;0;0;0;0;0;0;0;0;0;0;0;0;0;0;0;0;0;0;0
titanium-conveyor;230;42;1;1;0;0;0;0;1;0;0;0;0;0;0;0;0;0;0;0;0;0;0;0
plastanium-conveyor;231;43;0;0;0;1;0;0;0;0;0;1;1;0;0;0;0;0;0;0;0;0;0;0
armored-conveyor;232;44;0;0;1;0;0;0;0;1;0;0;1;0;0;0;0;0;0;0;0;0;0;0
junction;233;45;2;0;0;0;0;0;0;0;0;0;0;0;0;0;0;0;0;0;0;0;0;0
bridge-conveyor;234;46;6;6;0;0;0;0;0;0;0;0;0;0;0;0;0;0;0;0;0;0;0;0
phase-conveyor;235;47;0;10;0;10;0;0;0;0;0;7;0;5;0;0;0;0;0;0;0;0;0;0
sorter;236;48;2;2;0;0;0;0;0;0;0;0;0;0;0;0;0;0;0;0;0;0;0;0
inverted-sorter;237;49;2;2;0;0;0;0;0;0;0;0;0;0;0;0;0;0;0;0;0;0;0;0
router;238;50;3;0;0;0;0;0;0;0;0;0;0;0;0;0;0;0;0;0;0;0;0;0
distributor;239;51;4;4;0;0;0;0;0;0;0;0;0;0;0;0;0;0;0;0;0;0;0;0
overflow-gate;240;52;4;2;0;0;0;0;0;0;0;0;0;0;0;0;0;0;0;0;0;0;0;0
underflow-gate;241;53;4;2;0;0;0;0;0;0;0;0;0;0;0;0;0;0;0;0;0;0;0;0
mass-driver;242;54;0;125;0;0;0;0;125;50;0;75;0;0;0;0;0;0;0;0;0;0;0;0
duct;243;55;0;0;0;0;0;0;0;0;0;0;0;0;0;0;0;0;1;0;0;0;0;0
armored-duct;244;229;0;0;0;0;0;0;0;0;0;0;0;0;0;0;0;0;2;1;0;0;0;0
duct-router;245;56;0;0;0;0;0;0;0;0;0;0;0;0;0;0;0;0;10;0;0;0;0;0
overflow-duct;246;182;0;0;0;8;0;0;0;0;0;0;0;0;0;0;0;0;8;0;0;0;0;0
underflow-duct;247;244;0;0;0;8;0;0;0;0;0;0;0;0;0;0;0;0;8;0;0;0;0;0
duct-bridge;248;57;0;0;0;0;0;0;0;0;0;0;0;0;0;0;0;0;20;0;0;0;0;0
duct-unloader;249;166;0;0;0;20;0;0;0;0;0;20;0;0;0;0;0;0;0;10;0;0;0;0
surge-conveyor;250;165;0;0;0;0;0;0;0;0;0;0;0;0;1;0;0;0;0;1;0;0;0;0
surge-router;251;167;0;0;0;0;0;0;0;0;0;0;0;0;5;0;0;0;0;1;0;0;0;0
unit-cargo-loader;252;193;0;0;0;0;0;0;0;0;0;80;0;0;50;0;0;0;0;0;20;0;0;0
unit-cargo-unload-point;253;194;0;0;0;0;0;0;0;0;0;60;0;0;0;0;0;0;0;60;0;0;0;0
mechanical-pump;254;58;15;0;10;0;0;0;0;0;0;0;0;0;0;0;0;0;0;0;0;0;0;0
rotary-pump;255;59;70;0;50;0;0;0;35;0;0;20;0;0;0;0;0;0;0;0;0;0;0;0
impulse-pump;256;176;80;0;90;0;0;0;40;35;0;30;0;0;0;0;0;0;0;0;0;0;0;0
conduit;257;60;0;0;1;0;0;0;0;0;0;0;0;0;0;0;0;0;0;0;0;0;0;0
pulse-conduit;258;61;0;0;1;0;0;0;2;0;0;0;0;0;0;0;0;0;0;0;0;0;0;0
plated-conduit;259;62;0;0;1;0;0;0;0;2;0;0;1;0;0;0;0;0;0;0;0;0;0;0
liquid-router;260;63;0;0;2;4;0;0;0;0;0;0;0;0;0;0;0;0;0;0;0;0;0;0
liquid-container;261;146;0;0;15;0;0;0;10;0;0;0;0;0;0;0;0;0;0;0;0;0;0;0
liquid-tank;262;64;0;0;40;0;0;0;30;0;0;0;0;0;0;0;0;0;0;0;0;0;0;0
liquid-junction;263;65;0;0;8;4;0;0;0;0;0;0;0;0;0;0;0;0;0;0;0;0;0;0
bridge-conduit;264;66;0;0;8;4;0;0;0;0;0;0;0;0;0;0;0;0;0;0;0;0;0;0
phase-conduit;265;67;0;0;20;0;0;0;10;0;0;7;0;5;0;0;0;0;0;0;0;0;0;0
reinforced-pump;266;177;0;0;0;0;0;0;0;0;0;20;0;0;0;0;0;0;40;30;0;0;0;0
reinforced-conduit;267;168;0;0;0;0;0;0;0;0;0;0;0;0;0;0;0;0;2;0;0;0;0;0
reinforced-liquid-junction;268;156;0;0;0;4;0;0;0;0;0;0;0;0;0;0;0;0;8;0;0;0;0;0
reinforced-bridge-conduit;269;172;0;0;0;8;0;0;0;0;0;0;0;0;0;0;0;0;20;0;0;0;0;0
reinforced-liquid-router;270;169;0;0;0;8;0;0;0;0;0;0;0;0;0;0;0;0;4;0;0;0;0;0
reinforced-liquid-container;271;170;0;0;0;0;0;0;0;0;0;0;0;0;0;0;0;0;16;10;0;0;0;0
reinforced-liquid-tank;272;171;0;0;0;0;0;0;0;0;0;0;0;0;0;0;0;0;50;40;0;0;0;0
power-node;273;68;1;3;0;0;0;0;0;0;0;0;0;0;0;0;0;0;0;0;0;0;0;0
power-node-large;274;69;0;10;0;0;0;0;5;0;0;3;0;0;0;0;0;0;0;0;0;0;0;0
surge-tower;275;70;0;10;0;0;0;0;7;0;0;15;0;0;15;0;0;0;0;0;0;0;0;0
diode;276;71;0;0;10;0;0;0;0;0;0;10;5;0;0;0;0;0;0;0;0;0;0;0
battery;277;72;5;20;0;0;0;0;0;0;0;0;0;0;0;0;0;0;0;0;0;0;0;0
battery-large;278;73;0;50;0;0;0;0;20;0;0;30;0;0;0;0;0;0;0;0;0;0;0;0
combustion-generator;279;74;25;15;0;0;0;0;0;0;0;0;0;0;0;0;0;0;0;0;0;0;0;0
thermal-generator;280;75;40;50;40;35;0;0;0;0;0;35;0;0;0;0;0;0;0;0;0;0;0;0
steam-generator;281;76;35;40;0;25;0;0;0;0;0;30;0;0;0;0;0;0;0;0;0;0;0;0
differential-generator;282;77;70;100;50;0;0;0;50;0;0;65;0;0;0;0;0;0;0;0;0;0;0;0
rtg-generator;283;78;0;100;0;0;0;0;0;50;0;75;75;25;0;0;0;0;0;0;0;0;0;0
solar-panel;284;79;0;10;0;0;0;0;0;0;0;15;0;0;0;0;0;0;0;0;0;0;0;0
solar-panel-large;285;80;0;80;0;0;0;0;0;0;0;110;0;15;0;0;0;0;0;0;0;0;0;0
thorium-reactor;286;81;0;300;50;150;0;0;0;150;0;200;0;0;0;0;0;0;0;0;0;0;0;0
impact-reactor;287;82;0;500;250;400;0;0;0;100;0;300;0;0;250;0;0;0;0;0;0;0;0;0
beam-node;288;160;0;0;0;0;0;0;0;0;0;0;0;0;0;0;0;0;8;0;0;0;0;0
beam-tower;289;161;0;0;0;0;0;0;0;0;0;10;0;0;0;0;0;0;30;0;10;0;0;0
beam-link;290;212;0;0;0;0;0;0;0;0;0;0;0;0;0;0;0;0;0;0;0;0;0;0
turbine-condenser;291;159;0;0;0;0;0;0;0;0;0;0;0;0;0;0;0;0;60;0;0;0;0;0
chemical-combustion-chamber;292;195;0;0;0;40;0;0;0;0;0;30;0;0;0;0;0;0;0;40;40;0;0;0
pyrolysis-generator;293;196;0;0;0;50;0;0;0;0;0;50;0;0;0;0;0;0;0;0;60;50;0;0
flux-reactor;294;248;0;0;0;300;0;0;0;0;0;600;0;0;300;0;0;0;0;0;100;200;0;0
neoplasia-reactor;295;249;0;0;0;0;0;0;0;0;0;500;0;300;200;0;0;0;0;1000;150;300;0;0
mechanical-drill;296;83;12;0;0;0;0;0;0;0;0;0;0;0;0;0;0;0;0;0;0;0;0;0
pneumatic-drill;297;84;18;0;0;10;0;0;0;0;0;0;0;0;0;0;0;0;0;0;0;0;0;0
laser-drill;298;85;35;0;0;30;0;0;20;0;0;30;0;0;0;0;0;0;0;0;0;0;0;0
blast-drill;299;86;65;0;0;0;0;0;50;75;0;60;0;0;0;0;0;0;0;0;0;0;0;0
water-extractor;300;87;30;30;30;30;0;0;0;0;0;0;0;0;0;0;0;0;0;0;0;0;0;0
cultivator;301;88;25;25;0;0;0;0;0;0;0;10;0;0;0;0;0;0;0;0;0;0;0;0
oil-extractor;302;89;150;115;0;175;0;0;0;115;0;75;0;0;0;0;0;0;0;0;0;0;0;0
vent-condenser;303;200;0;0;0;20;0;0;0;0;0;0;0;0;0;0;0;0;60;0;0;0;0;0
cliff-crusher;304;154;0;0;0;25;0;0;0;0;0;0;0;0;0;0;0;0;20;0;0;0;0;0
plasma-bore;305;155;0;0;0;0;0;0;0;0;0;0;0;0;0;0;0;0;40;0;0;0;0;0
large-plasma-bore;306;183;0;0;0;0;0;0;0;0;0;100;0;0;0;0;0;0;100;70;25;0;0;0
impact-drill;307;163;0;0;0;60;0;0;0;0;0;70;0;0;0;0;0;0;90;0;0;0;0;0
eruption-drill;308;208;0;0;0;0;0;0;0;120;0;200;0;0;0;0;0;0;0;200;20;0;0;0
core-shard;309;90;1000;800;0;0;0;0;0;0;0;0;0;0;0;0;0;0;0;0;0;0;0;0
core-foundation;310;91;3000;3000;0;0;0;0;0;0;0;2000;0;0;0;0;0;0;0;0;0;0;0;0
core-nucleus;311;92;8000;8000;0;0;0;0;0;4000;0;5000;0;0;0;0;0;0;0;0;0;0;0;0
core-bastion;312;158;0;0;0;1000;0;0;0;0;0;1000;0;0;0;0;0;0;800;0;0;0;0;0
core-citadel;313;173;0;0;0;0;0;0;0;0;0;4000;0;0;0;0;0;0;4000;3000;1000;0;0;0
core-acropolis;314;174;0;0;0;0;0;0;0;0;0;5000;0;0;0;0;0;0;6000;5000;3000;3000;0;0
container;315;94;0;0;0;0;0;0;100;0;0;0;0;0;0;0;0;0;0;0;0;0;0;0
vault;316;93;0;0;0;0;0;0;250;125;0;0;0;0;0;0;0;0;0;0;0;0;0;0
unloader;317;95;0;0;0;0;0;0;25;0;0;30;0;0;0;0;0;0;0;0;0;0;0;0
reinforced-container;318;190;0;0;0;40;0;0;0;0;0;0;0;0;0;0;0;0;0;30;0;0;0;0
reinforced-vault;319;191;0;0;0;0;0;0;0;70;0;0;0;0;0;0;0;0;100;125;0;0;0;0
duo;320;96;35;0;0;0;0;0;0;0;0;0;0;0;0;0;0;0;0;0;0;0;0;0
scatter;321;97;85;45;0;0;0;0;0;0;0;0;0;0;0;0;0;0;0;0;0;0;0;0
scorch;322;98;25;0;0;22;0;0;0;0;0;0;0;0;0;0;0;0;0;0;0;0;0;0
hail;323;99;40;0;0;17;0;0;0;0;0;0;0;0;0;0;0;0;0;0;0;0;0;0
wave;324;100;25;75;45;0;0;0;0;0;0;0;0;0;0;0;0;0;0;0;0;0;0;0
lancer;325;101;60;70;0;0;0;0;30;0;0;60;0;0;0;0;0;0;0;0;0;0;0;0
arc;326;102;50;50;0;0;0;0;0;0;0;0;0;0;0;0;0;0;0;0;0;0;0;0
parallax;327;103;0;0;0;30;0;0;90;0;0;120;0;0;0;0;0;0;0;0;0;0;0;0
swarmer;328;104;0;0;0;35;0;0;35;0;0;30;45;0;0;0;0;0;0;0;0;0;0;0
salvo;329;105;100;0;0;80;0;0;50;0;0;0;0;0;0;0;0;0;0;0;0;0;0;0
segment;330;106;0;0;0;0;0;0;40;80;0;130;0;40;0;0;0;0;0;0;0;0;0;0
tsunami;331;107;0;400;100;0;0;0;250;100;0;0;0;0;0;0;0;0;0;0;0;0;0;0
fuse;332;108;225;0;0;225;0;0;0;100;0;0;0;0;0;0;0;0;0;0;0;0;0;0
ripple;333;109;150;0;0;135;0;0;60;0;0;0;0;0;0;0;0;0;0;0;0;0;0;0
cyclone;334;110;200;0;0;0;0;0;125;0;0;0;80;0;0;0;0;0;0;0;0;0;0;0
foreshadow;335;111;1000;0;600;0;0;0;0;0;0;600;200;0;300;0;0;0;0;0;0;0;0;0
spectre;336;112;900;0;0;300;0;0;0;250;0;0;175;0;250;0;0;0;0;0;0;0;0;0
meltdown;337;113;1200;350;0;300;0;0;0;0;0;325;0;0;325;0;0;0;0;0;0;0;0;0
breach;338;157;0;0;0;250;0;0;0;0;0;150;0;0;0;0;0;0;150;0;0;0;0;0
diffuse;339;231;0;0;0;200;0;0;0;0;0;200;0;0;0;0;0;0;150;50;0;0;0;0
sublimate;340;189;0;0;0;0;0;0;0;0;0;200;0;0;0;0;0;0;400;150;40;0;0;0
titan;341;198;0;0;0;0;0;0;0;400;0;300;0;0;0;0;0;0;0;250;0;0;0;0
disperse;342;216;0;0;0;0;0;0;0;50;0;200;0;0;0;0;0;0;350;0;150;0;0;0
afflict;343;239;0;0;0;250;0;0;0;0;0;200;0;0;100;0;0;0;0;0;40;0;0;0
lustre;344;241;0;0;0;200;0;0;0;0;0;250;0;0;0;0;0;0;0;0;50;90;0;0
scathe;345;242;0;0;0;400;0;0;0;0;0;450;0;0;0;0;0;0;0;500;100;200;0;0
smite;346;243;0;0;0;0;0;0;0;0;0;800;0;300;400;0;0;0;0;0;200;500;0;0
malign;347;245;0;0;0;800;0;0;0;0;0;800;0;300;0;0;0;0;2000;0;0;400;0;0
ground-factory;348;115;50;120;0;0;0;0;0;0;0;80;0;0;0;0;0;0;0;0;0;0;0;0
air-factory;349;116;60;70;0;0;0;0;0;0;0;0;0;0;0;0;0;0;0;0;0;0;0;0
naval-factory;350;117;150;130;120;0;0;0;0;0;0;0;0;0;0;0;0;0;0;0;0;0;0;0
additive-reconstructor;351;118;200;120;0;0;0;0;0;0;0;90;0;0;0;0;0;0;0;0;0;0;0;0
multiplicative-reconstructor;352;119;0;650;0;0;0;0;350;650;0;450;0;0;0;0;0;0;0;0;0;0;0;0
exponential-reconstructor;353;120;0;2000;0;0;0;0;2000;750;0;1000;450;600;0;0;0;0;0;0;0;0;0;0
tetrative-reconstructor;354;121;0;4000;0;0;0;0;0;1000;0;3000;600;600;800;0;0;0;0;0;0;0;0;0
repair-point;355;122;30;30;0;0;0;0;0;0;0;20;0;0;0;0;0;0;0;0;0;0;0;0
repair-turret;356;123;0;0;0;0;0;0;0;80;0;90;60;0;0;0;0;0;0;0;0;0;0;0
tank-fabricator;357;222;0;0;0;0;0;0;0;0;0;200;0;0;0;0;0;0;150;0;0;0;0;0
ship-fabricator;358;224;0;0;0;0;0;0;0;0;0;250;0;0;0;0;0;0;200;0;0;0;0;0
mech-fabricator;359;223;0;0;0;300;0;0;0;0;0;200;0;0;0;0;0;0;0;60;0;0;0;0
tank-refabricator;360;235;0;0;0;0;0;0;0;0;0;100;0;0;0;0;0;0;200;80;0;0;0;0
mech-refabricator;361;236;0;0;0;0;0;0;0;0;0;150;0;0;0;0;0;0;250;120;0;0;0;0
ship-refabricator;362;237;0;0;0;0;0;0;0;0;0;150;0;0;0;0;0;0;200;100;40;0;0;0
prime-refabricator;363;232;0;0;0;0;0;0;0;250;0;400;0;0;0;0;0;0;0;200;200;0;0;0
tank-assembler;364;205;0;0;0;0;0;0;0;500;0;500;0;0;0;0;0;0;0;0;150;80;0;0
ship-assembler;365;209;0;0;0;0;0;0;0;400;0;800;0;0;0;0;0;0;0;500;200;100;0;0
mech-assembler;366;210;0;0;0;0;0;0;0;600;0;900;0;0;0;0;0;0;0;500;200;200;0;0
basic-assembler-module;367;233;0;0;0;0;0;0;0;500;0;0;0;400;0;0;0;0;0;0;200;300;0;0
unit-repair-tower;368;230;0;0;0;90;0;0;0;0;0;90;0;0;0;0;0;0;0;80;0;0;0;0
payload-conveyor;369;124;10;0;0;10;0;0;0;0;0;0;0;0;0;0;0;0;0;0;0;0;0;0
payload-router;370;125;10;0;0;15;0;0;0;0;0;0;0;0;0;0;0;0;0;0;0;0;0;0
reinforced-payload-conveyor;371;214;0;0;0;0;0;0;0;0;0;0;0;0;0;0;0;0;0;10;0;0;0;0
reinforced-payload-router;372;215;0;0;0;0;0;0;0;0;0;0;0;0;0;0;0;0;0;15;0;0;0;0
payload-mass-driver;373;218;0;0;0;50;0;0;0;0;0;120;0;0;0;0;0;0;0;120;0;0;0;0
large-payload-mass-driver;374;251;0;0;0;100;0;0;0;200;0;200;0;0;0;0;0;0;0;200;30;0;0;0
small-deconstructor;375;199;0;0;0;80;0;0;0;0;0;100;0;0;0;0;0;0;100;0;40;0;0;0
deconstructor;376;147;0;0;0;0;0;0;0;0;0;250;0;0;0;0;0;0;250;0;100;250;0;0
constructor;377;148;0;0;0;0;0;0;0;0;0;100;0;0;0;0;0;0;150;80;0;0;0;0
large-constructor;378;150;0;0;0;0;0;0;0;0;0;150;0;40;0;0;0;0;0;200;150;0;0;0
payload-loader;379;151;0;0;0;50;0;0;0;0;0;50;0;0;0;0;0;0;0;80;0;0;0;0
payload-unloader;380;152;0;0;0;50;0;0;0;0;0;50;0;0;0;0;0;0;0;30;0;0;0;0
power-source;381;126;0;0;0;0;0;0;0;0;0;0;0;0;0;0;0;0;0;0;0;0;0;0
power-void;382;127;0;0;0;0;0;0;0;0;0;0;0;0;0;0;0;0;0;0;0;0;0;0
item-source;383;128;0;0;0;0;0;0;0;0;0;0;0;0;0;0;0;0;0;0;0;0;0;0
item-void;384;129;0;0;0;0;0;0;0;0;0;0;0;0;0;0;0;0;0;0;0;0;0;0
liquid-source;385;130;0;0;0;0;0;0;0;0;0;0;0;0;0;0;0;0;0;0;0;0;0;0
liquid-void;386;131;0;0;0;0;0;0;0;0;0;0;0;0;0;0;0;0;0;0;0;0;0;0
payload-source;387;133;0;0;0;0;0;0;0;0;0;0;0;0;0;0;0;0;0;0;0;0;0;0
payload-void;388;132;0;0;0;0;0;0;0;0;0;0;0;0;0;0;0;0;0;0;0;0;0;0
heat-source;389;247;0;0;0;0;0;0;0;0;0;0;0;0;0;0;0;0;0;0;0;0;0;0
illuminator;390;134;0;8;0;12;0;0;0;0;0;8;0;0;0;0;0;0;0;0;0;0;0;0
legacy-mech-pad;391;-1;0;0;0;0;0;0;0;0;0;0;0;0;0;0;0;0;0;0;0;0;0;0
legacy-unit-factory;392;-1;0;0;0;0;0;0;0;0;0;0;0;0;0;0;0;0;0;0;0;0;0;0
legacy-unit-factory-air;393;-1;0;0;0;0;0;0;0;0;0;0;0;0;0;0;0;0;0;0;0;0;0;0
legacy-unit-factory-ground;394;-1;0;0;0;0;0;0;0;0;0;0;0;0;0;0;0;0;0;0;0;0;0;0
command-center;395;114;0;0;0;0;0;0;0;0;0;0;0;0;0;0;0;0;0;0;0;0;0;0
launch-pad;396;135;350;200;0;0;0;0;150;0;0;140;0;0;0;0;0;0;0;0;0;0;0;0
interplanetary-accelerator;397;136;16000;0;0;0;0;0;12000;13000;0;11000;0;5000;6000;0;0;0;0;0;0;0;0;0
message;398;137;5;0;0;5;0;0;0;0;0;0;0;0;0;0;0;0;0;0;0;0;0;0
switch;399;138;5;0;0;5;0;0;0;0;0;0;0;0;0;0;0;0;0;0;0;0;0;0
micro-processor;400;139;90;50;0;0;0;0;0;0;0;50;0;0;0;0;0;0;0;0;0;0;0;0
logic-processor;401;140;0;320;0;60;0;0;0;50;0;80;0;0;0;0;0;0;0;0;0;0;0;0
hyper-processor;402;141;0;450;0;0;0;0;0;75;0;150;0;0;50;0;0;0;0;0;0;0;0;0
memory-cell;403;142;30;0;0;30;0;0;0;0;0;30;0;0;0;0;0;0;0;0;0;0;0;0
memory-bank;404;143;30;0;0;80;0;0;0;0;0;80;0;30;0;0;0;0;0;0;0;0;0;0
logic-display;405;144;0;100;50;0;0;0;0;0;0;50;0;0;0;0;0;0;0;0;0;0;0;0
large-logic-display;406;145;0;200;100;0;0;0;0;0;0;150;0;75;0;0;0;0;0;0;0;0;0;0
canvas;407;228;0;0;0;0;0;0;0;0;0;10;0;0;0;0;0;0;10;0;0;0;0;0
reinforced-message;408;252;0;0;0;10;0;0;0;0;0;0;0;0;0;0;0;0;5;0;0;0;0;0
world-processor;409;213;0;0;0;0;0;0;0;0;0;0;0;0;0;0;0;0;0;0;0;0;0;0
world-cell;410;219;0;0;0;0;0;0;0;0;0;0;0;0;0;0;0;0;0;0;0;0;0;0
world-message;411;253;0;0;0;0;0;0;0;0;0;0;0;0;0;0;0;0;0;0;0;0;0;0
