// DO NOT EDIT! Generated by mimex - Mindustry Metadata Extractor
name;id;logicId;copper;lead;metaglass;graphite;sand;coal;titanium;thorium;scrap;silicon;plastanium;phase-fabric;surge-alloy;spore-pod;blast-compound;pyratite;beryllium;tungsten;oxide;carbide;fissile-matter;dormant-cyst
air;0;-1;0;0;0;0;0;0;0;0;0;0;0;0;0;0;0;0;0;0;0;0;0;0
spawn;1;-1;0;0;0;0;0;0;0;0;0;0;0;0;0;0;0;0;0;0;0;0;0;0
remove-wall;2;-1;0;0;0;0;0;0;0;0;0;0;0;0;0;0;0;0;0;0;0;0;0;0
remove-ore;3;-1;0;0;0;0;0;0;0;0;0;0;0;0;0;0;0;0;0;0;0;0;0;0
cliff;4;-1;0;0;0;0;0;0;0;0;0;0;0;0;0;0;0;0;0;0;0;0;0;0
build1;5;-1;0;0;0;0;0;0;0;0;0;0;0;0;0;0;0;0;0;0;0;0;0;0
build2;6;-1;0;0;0;0;0;0;0;0;0;0;0;0;0;0;0;0;0;0;0;0;0;0
build3;7;-1;0;0;0;0;0;0;0;0;0;0;0;0;0;0;0;0;0;0;0;0;0;0
build4;8;-1;0;0;0;0;0;0;0;0;0;0;0;0;0;0;0;0;0;0;0;0;0;0
build5;9;-1;0;0;0;0;0;0;0;0;0;0;0;0;0;0;0;0;0;0;0;0;0;0
build6;10;-1;0;0;0;0;0;0;0;0;0;0;0;0;0;0;0;0;0;0;0;0;0;0
build7;11;-1;0;0;0;0;0;0;0;0;0;0;0;0;0;0;0;0;0;0;0;0;0;0
build8;12;-1;0;0;0;0;0;0;0;0;0;0;0;0;0;0;0;0;0;0;0;0;0;0
build9;13;-1;0;0;0;0;0;0;0;0;0;0;0;0;0;0;0;0;0;0;0;0;0;0
build10;14;-1;0;0;0;0;0;0;0;0;0;0;0;0;0;0;0;0;0;0;0;0;0;0
build11;15;-1;0;0;0;0;0;0;0;0;0;0;0;0;0;0;0;0;0;0;0;0;0;0
build12;16;-1;0;0;0;0;0;0;0;0;0;0;0;0;0;0;0;0;0;0;0;0;0;0
build13;17;-1;0;0;0;0;0;0;0;0;0;0;0;0;0;0;0;0;0;0;0;0;0;0
build14;18;-1;0;0;0;0;0;0;0;0;0;0;0;0;0;0;0;0;0;0;0;0;0;0
build15;19;-1;0;0;0;0;0;0;0;0;0;0;0;0;0;0;0;0;0;0;0;0;0;0
build16;20;-1;0;0;0;0;0;0;0;0;0;0;0;0;0;0;0;0;0;0;0;0;0;0
deep-water;21;-1;0;0;0;0;0;0;0;0;0;0;0;0;0;0;0;0;0;0;0;0;0;0
shallow-water;22;-1;0;0;0;0;0;0;0;0;0;0;0;0;0;0;0;0;0;0;0;0;0;0
tainted-water;23;-1;0;0;0;0;0;0;0;0;0;0;0;0;0;0;0;0;0;0;0;0;0;0
deep-tainted-water;24;-1;0;0;0;0;0;0;0;0;0;0;0;0;0;0;0;0;0;0;0;0;0;0
darksand-tainted-water;25;-1;0;0;0;0;0;0;0;0;0;0;0;0;0;0;0;0;0;0;0;0;0;0
sand-water;26;-1;0;0;0;0;0;0;0;0;0;0;0;0;0;0;0;0;0;0;0;0;0;0
darksand-water;27;-1;0;0;0;0;0;0;0;0;0;0;0;0;0;0;0;0;0;0;0;0;0;0
tar;28;-1;0;0;0;0;0;0;0;0;0;0;0;0;0;0;0;0;0;0;0;0;0;0
pooled-cryofluid;29;-1;0;0;0;0;0;0;0;0;0;0;0;0;0;0;0;0;0;0;0;0;0;0
molten-slag;30;-1;0;0;0;0;0;0;0;0;0;0;0;0;0;0;0;0;0;0;0;0;0;0
space;31;-1;0;0;0;0;0;0;0;0;0;0;0;0;0;0;0;0;0;0;0;0;0;0
empty;32;-1;0;0;0;0;0;0;0;0;0;0;0;0;0;0;0;0;0;0;0;0;0;0
stone;33;-1;0;0;0;0;0;0;0;0;0;0;0;0;0;0;0;0;0;0;0;0;0;0
crater-stone;34;-1;0;0;0;0;0;0;0;0;0;0;0;0;0;0;0;0;0;0;0;0;0;0
char;35;-1;0;0;0;0;0;0;0;0;0;0;0;0;0;0;0;0;0;0;0;0;0;0
basalt;36;-1;0;0;0;0;0;0;0;0;0;0;0;0;0;0;0;0;0;0;0;0;0;0
hotrock;37;-1;0;0;0;0;0;0;0;0;0;0;0;0;0;0;0;0;0;0;0;0;0;0
magmarock;38;-1;0;0;0;0;0;0;0;0;0;0;0;0;0;0;0;0;0;0;0;0;0;0
sand-floor;39;-1;0;0;0;0;0;0;0;0;0;0;0;0;0;0;0;0;0;0;0;0;0;0
darksand;40;-1;0;0;0;0;0;0;0;0;0;0;0;0;0;0;0;0;0;0;0;0;0;0
dirt;41;-1;0;0;0;0;0;0;0;0;0;0;0;0;0;0;0;0;0;0;0;0;0;0
mud;42;-1;0;0;0;0;0;0;0;0;0;0;0;0;0;0;0;0;0;0;0;0;0;0
dacite;43;-1;0;0;0;0;0;0;0;0;0;0;0;0;0;0;0;0;0;0;0;0;0;0
rhyolite;44;-1;0;0;0;0;0;0;0;0;0;0;0;0;0;0;0;0;0;0;0;0;0;0
rhyolite-crater;45;-1;0;0;0;0;0;0;0;0;0;0;0;0;0;0;0;0;0;0;0;0;0;0
rough-rhyolite;46;-1;0;0;0;0;0;0;0;0;0;0;0;0;0;0;0;0;0;0;0;0;0;0
regolith;47;-1;0;0;0;0;0;0;0;0;0;0;0;0;0;0;0;0;0;0;0;0;0;0
yellow-stone;48;-1;0;0;0;0;0;0;0;0;0;0;0;0;0;0;0;0;0;0;0;0;0;0
carbon-stone;49;-1;0;0;0;0;0;0;0;0;0;0;0;0;0;0;0;0;0;0;0;0;0;0
ferric-stone;50;-1;0;0;0;0;0;0;0;0;0;0;0;0;0;0;0;0;0;0;0;0;0;0
ferric-craters;51;-1;0;0;0;0;0;0;0;0;0;0;0;0;0;0;0;0;0;0;0;0;0;0
beryllic-stone;52;-1;0;0;0;0;0;0;0;0;0;0;0;0;0;0;0;0;0;0;0;0;0;0
crystalline-stone;53;-1;0;0;0;0;0;0;0;0;0;0;0;0;0;0;0;0;0;0;0;0;0;0
crystal-floor;54;-1;0;0;0;0;0;0;0;0;0;0;0;0;0;0;0;0;0;0;0;0;0;0
yellow-stone-plates;55;-1;0;0;0;0;0;0;0;0;0;0;0;0;0;0;0;0;0;0;0;0;0;0
red-stone;56;-1;0;0;0;0;0;0;0;0;0;0;0;0;0;0;0;0;0;0;0;0;0;0
dense-red-stone;57;-1;0;0;0;0;0;0;0;0;0;0;0;0;0;0;0;0;0;0;0;0;0;0
red-ice;58;-1;0;0;0;0;0;0;0;0;0;0;0;0;0;0;0;0;0;0;0;0;0;0
arkycite-floor;59;-1;0;0;0;0;0;0;0;0;0;0;0;0;0;0;0;0;0;0;0;0;0;0
arkyic-stone;60;-1;0;0;0;0;0;0;0;0;0;0;0;0;0;0;0;0;0;0;0;0;0;0
rhyolite-vent;61;-1;0;0;0;0;0;0;0;0;0;0;0;0;0;0;0;0;0;0;0;0;0;0
carbon-vent;62;-1;0;0;0;0;0;0;0;0;0;0;0;0;0;0;0;0;0;0;0;0;0;0
arkyic-vent;63;-1;0;0;0;0;0;0;0;0;0;0;0;0;0;0;0;0;0;0;0;0;0;0
yellow-stone-vent;64;-1;0;0;0;0;0;0;0;0;0;0;0;0;0;0;0;0;0;0;0;0;0;0
red-stone-vent;65;-1;0;0;0;0;0;0;0;0;0;0;0;0;0;0;0;0;0;0;0;0;0;0
crystalline-vent;66;-1;0;0;0;0;0;0;0;0;0;0;0;0;0;0;0;0;0;0;0;0;0;0
stone-vent;67;-1;0;0;0;0;0;0;0;0;0;0;0;0;0;0;0;0;0;0;0;0;0;0
basalt-vent;68;-1;0;0;0;0;0;0;0;0;0;0;0;0;0;0;0;0;0;0;0;0;0;0
redmat;69;-1;0;0;0;0;0;0;0;0;0;0;0;0;0;0;0;0;0;0;0;0;0;0
bluemat;70;-1;0;0;0;0;0;0;0;0;0;0;0;0;0;0;0;0;0;0;0;0;0;0
grass;71;-1;0;0;0;0;0;0;0;0;0;0;0;0;0;0;0;0;0;0;0;0;0;0
salt;72;-1;0;0;0;0;0;0;0;0;0;0;0;0;0;0;0;0;0;0;0;0;0;0
snow;73;-1;0;0;0;0;0;0;0;0;0;0;0;0;0;0;0;0;0;0;0;0;0;0
ice;74;-1;0;0;0;0;0;0;0;0;0;0;0;0;0;0;0;0;0;0;0;0;0;0
ice-snow;75;-1;0;0;0;0;0;0;0;0;0;0;0;0;0;0;0;0;0;0;0;0;0;0
shale;76;-1;0;0;0;0;0;0;0;0;0;0;0;0;0;0;0;0;0;0;0;0;0;0
moss;77;-1;0;0;0;0;0;0;0;0;0;0;0;0;0;0;0;0;0;0;0;0;0;0
core-zone;78;-1;0;0;0;0;0;0;0;0;0;0;0;0;0;0;0;0;0;0;0;0;0;0
spore-moss;79;-1;0;0;0;0;0;0;0;0;0;0;0;0;0;0;0;0;0;0;0;0;0;0
stone-wall;80;-1;0;0;0;0;0;0;0;0;0;0;0;0;0;0;0;0;0;0;0;0;0;0
spore-wall;81;-1;0;0;0;0;0;0;0;0;0;0;0;0;0;0;0;0;0;0;0;0;0;0
dirt-wall;82;-1;0;0;0;0;0;0;0;0;0;0;0;0;0;0;0;0;0;0;0;0;0;0
dacite-wall;83;-1;0;0;0;0;0;0;0;0;0;0;0;0;0;0;0;0;0;0;0;0;0;0
ice-wall;84;-1;0;0;0;0;0;0;0;0;0;0;0;0;0;0;0;0;0;0;0;0;0;0
snow-wall;85;-1;0;0;0;0;0;0;0;0;0;0;0;0;0;0;0;0;0;0;0;0;0;0
dune-wall;86;-1;0;0;0;0;0;0;0;0;0;0;0;0;0;0;0;0;0;0;0;0;0;0
regolith-wall;87;-1;0;0;0;0;0;0;0;0;0;0;0;0;0;0;0;0;0;0;0;0;0;0
yellow-stone-wall;88;-1;0;0;0;0;0;0;0;0;0;0;0;0;0;0;0;0;0;0;0;0;0;0
rhyolite-wall;89;-1;0;0;0;0;0;0;0;0;0;0;0;0;0;0;0;0;0;0;0;0;0;0
carbon-wall;90;-1;0;0;0;0;0;0;0;0;0;0;0;0;0;0;0;0;0;0;0;0;0;0
ferric-stone-wall;91;-1;0;0;0;0;0;0;0;0;0;0;0;0;0;0;0;0;0;0;0;0;0;0
beryllic-stone-wall;92;-1;0;0;0;0;0;0;0;0;0;0;0;0;0;0;0;0;0;0;0;0;0;0
arkyic-wall;93;-1;0;0;0;0;0;0;0;0;0;0;0;0;0;0;0;0;0;0;0;0;0;0
crystalline-stone-wall;94;-1;0;0;0;0;0;0;0;0;0;0;0;0;0;0;0;0;0;0;0;0;0;0
red-ice-wall;95;-1;0;0;0;0;0;0;0;0;0;0;0;0;0;0;0;0;0;0;0;0;0;0
red-stone-wall;96;-1;0;0;0;0;0;0;0;0;0;0;0;0;0;0;0;0;0;0;0;0;0;0
red-diamond-wall;97;-1;0;0;0;0;0;0;0;0;0;0;0;0;0;0;0;0;0;0;0;0;0;0
sand-wall;98;-1;0;0;0;0;0;0;0;0;0;0;0;0;0;0;0;0;0;0;0;0;0;0
salt-wall;99;-1;0;0;0;0;0;0;0;0;0;0;0;0;0;0;0;0;0;0;0;0;0;0
shrubs;100;-1;0;0;0;0;0;0;0;0;0;0;0;0;0;0;0;0;0;0;0;0;0;0
shale-wall;101;-1;0;0;0;0;0;0;0;0;0;0;0;0;0;0;0;0;0;0;0;0;0;0
spore-pine;102;-1;0;0;0;0;0;0;0;0;0;0;0;0;0;0;0;0;0;0;0;0;0;0
snow-pine;103;-1;0;0;0;0;0;0;0;0;0;0;0;0;0;0;0;0;0;0;0;0;0;0
pine;104;-1;0;0;0;0;0;0;0;0;0;0;0;0;0;0;0;0;0;0;0;0;0;0
white-tree-dead;105;-1;0;0;0;0;0;0;0;0;0;0;0;0;0;0;0;0;0;0;0;0;0;0
white-tree;106;-1;0;0;0;0;0;0;0;0;0;0;0;0;0;0;0;0;0;0;0;0;0;0
spore-cluster;107;-1;0;0;0;0;0;0;0;0;0;0;0;0;0;0;0;0;0;0;0;0;0;0
redweed;108;-1;0;0;0;0;0;0;0;0;0;0;0;0;0;0;0;0;0;0;0;0;0;0
pur-bush;109;-1;0;0;0;0;0;0;0;0;0;0;0;0;0;0;0;0;0;0;0;0;0;0
yellowcoral;110;-1;0;0;0;0;0;0;0;0;0;0;0;0;0;0;0;0;0;0;0;0;0;0
boulder;111;-1;0;0;0;0;0;0;0;0;0;0;0;0;0;0;0;0;0;0;0;0;0;0
snow-boulder;112;-1;0;0;0;0;0;0;0;0;0;0;0;0;0;0;0;0;0;0;0;0;0;0
shale-boulder;113;-1;0;0;0;0;0;0;0;0;0;0;0;0;0;0;0;0;0;0;0;0;0;0
sand-boulder;114;-1;0;0;0;0;0;0;0;0;0;0;0;0;0;0;0;0;0;0;0;0;0;0
dacite-boulder;115;-1;0;0;0;0;0;0;0;0;0;0;0;0;0;0;0;0;0;0;0;0;0;0
basalt-boulder;116;-1;0;0;0;0;0;0;0;0;0;0;0;0;0;0;0;0;0;0;0;0;0;0
carbon-boulder;117;-1;0;0;0;0;0;0;0;0;0;0;0;0;0;0;0;0;0;0;0;0;0;0
ferric-boulder;118;-1;0;0;0;0;0;0;0;0;0;0;0;0;0;0;0;0;0;0;0;0;0;0
beryllic-boulder;119;-1;0;0;0;0;0;0;0;0;0;0;0;0;0;0;0;0;0;0;0;0;0;0
yellow-stone-boulder;120;-1;0;0;0;0;0;0;0;0;0;0;0;0;0;0;0;0;0;0;0;0;0;0
arkyic-boulder;121;-1;0;0;0;0;0;0;0;0;0;0;0;0;0;0;0;0;0;0;0;0;0;0
crystal-cluster;122;-1;0;0;0;0;0;0;0;0;0;0;0;0;0;0;0;0;0;0;0;0;0;0
vibrant-crystal-cluster;123;-1;0;0;0;0;0;0;0;0;0;0;0;0;0;0;0;0;0;0;0;0;0;0
crystal-blocks;124;-1;0;0;0;0;0;0;0;0;0;0;0;0;0;0;0;0;0;0;0;0;0;0
crystal-orbs;125;-1;0;0;0;0;0;0;0;0;0;0;0;0;0;0;0;0;0;0;0;0;0;0
crystalline-boulder;126;-1;0;0;0;0;0;0;0;0;0;0;0;0;0;0;0;0;0;0;0;0;0;0
red-ice-boulder;127;-1;0;0;0;0;0;0;0;0;0;0;0;0;0;0;0;0;0;0;0;0;0;0
rhyolite-boulder;128;-1;0;0;0;0;0;0;0;0;0;0;0;0;0;0;0;0;0;0;0;0;0;0
red-stone-boulder;129;-1;0;0;0;0;0;0;0;0;0;0;0;0;0;0;0;0;0;0;0;0;0;0
metal-floor;130;-1;0;0;0;0;0;0;0;0;0;0;0;0;0;0;0;0;0;0;0;0;0;0
metal-floor-damaged;131;-1;0;0;0;0;0;0;0;0;0;0;0;0;0;0;0;0;0;0;0;0;0;0
metal-floor-2;132;-1;0;0;0;0;0;0;0;0;0;0;0;0;0;0;0;0;0;0;0;0;0;0
metal-floor-3;133;-1;0;0;0;0;0;0;0;0;0;0;0;0;0;0;0;0;0;0;0;0;0;0
metal-floor-4;134;-1;0;0;0;0;0;0;0;0;0;0;0;0;0;0;0;0;0;0;0;0;0;0
metal-floor-5;135;-1;0;0;0;0;0;0;0;0;0;0;0;0;0;0;0;0;0;0;0;0;0;0
dark-panel-1;136;-1;0;0;0;0;0;0;0;0;0;0;0;0;0;0;0;0;0;0;0;0;0;0
dark-panel-2;137;-1;0;0;0;0;0;0;0;0;0;0;0;0;0;0;0;0;0;0;0;0;0;0
dark-panel-3;138;-1;0;0;0;0;0;0;0;0;0;0;0;0;0;0;0;0;0;0;0;0;0;0
dark-panel-4;139;-1;0;0;0;0;0;0;0;0;0;0;0;0;0;0;0;0;0;0;0;0;0;0
dark-panel-5;140;-1;0;0;0;0;0;0;0;0;0;0;0;0;0;0;0;0;0;0;0;0;0;0
dark-panel-6;141;-1;0;0;0;0;0;0;0;0;0;0;0;0;0;0;0;0;0;0;0;0;0;0
dark-metal;142;-1;0;0;0;0;0;0;0;0;0;0;0;0;0;0;0;0;0;0;0;0;0;0
metal-tiles-1;143;-1;0;0;0;0;0;0;0;0;0;0;0;0;0;0;0;0;0;0;0;0;0;0
metal-tiles-2;144;-1;0;0;0;0;0;0;0;0;0;0;0;0;0;0;0;0;0;0;0;0;0;0
metal-tiles-3;145;-1;0;0;0;0;0;0;0;0;0;0;0;0;0;0;0;0;0;0;0;0;0;0
metal-tiles-4;146;-1;0;0;0;0;0;0;0;0;0;0;0;0;0;0;0;0;0;0;0;0;0;0
metal-tiles-5;147;-1;0;0;0;0;0;0;0;0;0;0;0;0;0;0;0;0;0;0;0;0;0;0
metal-tiles-6;148;-1;0;0;0;0;0;0;0;0;0;0;0;0;0;0;0;0;0;0;0;0;0;0
metal-tiles-7;149;-1;0;0;0;0;0;0;0;0;0;0;0;0;0;0;0;0;0;0;0;0;0;0
metal-tiles-8;150;-1;0;0;0;0;0;0;0;0;0;0;0;0;0;0;0;0;0;0;0;0;0;0
metal-tiles-9;151;-1;0;0;0;0;0;0;0;0;0;0;0;0;0;0;0;0;0;0;0;0;0;0
metal-tiles-10;152;-1;0;0;0;0;0;0;0;0;0;0;0;0;0;0;0;0;0;0;0;0;0;0
metal-tiles-11;153;-1;0;0;0;0;0;0;0;0;0;0;0;0;0;0;0;0;0;0;0;0;0;0
metal-tiles-12;154;-1;0;0;0;0;0;0;0;0;0;0;0;0;0;0;0;0;0;0;0;0;0;0
colored-floor;155;-1;0;0;0;0;0;0;0;0;0;0;0;0;0;0;0;0;0;0;0;0;0;0
colored-wall;156;-1;0;0;0;0;0;0;0;0;0;0;0;0;0;0;0;0;0;0;0;0;0;0
character-overlay;157;-1;0;0;0;0;0;0;0;0;0;0;0;0;0;0;0;0;0;0;0;0;0;0
character-overlay-white;158;-1;0;0;0;0;0;0;0;0;0;0;0;0;0;0;0;0;0;0;0;0;0;0
pebbles;159;-1;0;0;0;0;0;0;0;0;0;0;0;0;0;0;0;0;0;0;0;0;0;0
tendrils;160;-1;0;0;0;0;0;0;0;0;0;0;0;0;0;0;0;0;0;0;0;0;0;0
ore-copper;161;-1;0;0;0;0;0;0;0;0;0;0;0;0;0;0;0;0;0;0;0;0;0;0
ore-lead;162;-1;0;0;0;0;0;0;0;0;0;0;0;0;0;0;0;0;0;0;0;0;0;0
ore-scrap;163;-1;0;0;0;0;0;0;0;0;0;0;0;0;0;0;0;0;0;0;0;0;0;0
ore-coal;164;-1;0;0;0;0;0;0;0;0;0;0;0;0;0;0;0;0;0;0;0;0;0;0
ore-titanium;165;-1;0;0;0;0;0;0;0;0;0;0;0;0;0;0;0;0;0;0;0;0;0;0
ore-thorium;166;-1;0;0;0;0;0;0;0;0;0;0;0;0;0;0;0;0;0;0;0;0;0;0
ore-beryllium;167;-1;0;0;0;0;0;0;0;0;0;0;0;0;0;0;0;0;0;0;0;0;0;0
ore-tungsten;168;-1;0;0;0;0;0;0;0;0;0;0;0;0;0;0;0;0;0;0;0;0;0;0
ore-crystal-thorium;169;-1;0;0;0;0;0;0;0;0;0;0;0;0;0;0;0;0;0;0;0;0;0;0
ore-wall-thorium;170;-1;0;0;0;0;0;0;0;0;0;0;0;0;0;0;0;0;0;0;0;0;0;0
ore-wall-beryllium;171;-1;0;0;0;0;0;0;0;0;0;0;0;0;0;0;0;0;0;0;0;0;0;0
graphitic-wall;172;-1;0;0;0;0;0;0;0;0;0;0;0;0;0;0;0;0;0;0;0;0;0;0
ore-wall-tungsten;173;-1;0;0;0;0;0;0;0;0;0;0;0;0;0;0;0;0;0;0;0;0;0;0
graphite-press;174;0;75;30;0;0;0;0;0;0;0;0;0;0;0;0;0;0;0;0;0;0;0;0
multi-press;175;1;0;100;0;50;0;0;100;0;0;25;0;0;0;0;0;0;0;0;0;0;0;0
silicon-smelter;176;2;30;25;0;0;0;0;0;0;0;0;0;0;0;0;0;0;0;0;0;0;0;0
silicon-crucible;177;3;0;0;80;0;0;0;120;0;0;60;35;0;0;0;0;0;0;0;0;0;0;0
kiln;178;4;60;30;0;30;0;0;0;0;0;0;0;0;0;0;0;0;0;0;0;0;0;0
plastanium-compressor;179;5;0;115;0;60;0;0;80;0;0;80;0;0;0;0;0;0;0;0;0;0;0;0
phase-weaver;180;6;0;120;0;0;0;0;0;75;0;130;0;0;0;0;0;0;0;0;0;0;0;0
surge-smelter;181;180;0;80;0;0;0;0;0;70;0;80;0;0;0;0;0;0;0;0;0;0;0;0
cryofluid-mixer;182;7;0;65;0;0;0;0;60;0;0;40;0;0;0;0;0;0;0;0;0;0;0;0
pyratite-mixer;183;8;50;25;0;0;0;0;0;0;0;0;0;0;0;0;0;0;0;0;0;0;0;0
blast-mixer;184;9;0;30;0;0;0;0;20;0;0;0;0;0;0;0;0;0;0;0;0;0;0;0
melter;185;10;30;35;0;45;0;0;0;0;0;0;0;0;0;0;0;0;0;0;0;0;0;0
separator;186;11;30;0;0;0;0;0;25;0;0;0;0;0;0;0;0;0;0;0;0;0;0;0
disassembler;187;12;0;0;0;0;0;0;100;80;0;150;40;0;0;0;0;0;0;0;0;0;0;0
spore-press;188;13;0;35;0;0;0;0;0;0;0;30;0;0;0;0;0;0;0;0;0;0;0;0
pulverizer;189;14;30;25;0;0;0;0;0;0;0;0;0;0;0;0;0;0;0;0;0;0;0;0
coal-centrifuge;190;15;0;30;0;40;0;0;20;0;0;0;0;0;0;0;0;0;0;0;0;0;0;0
incinerator;191;16;0;15;0;5;0;0;0;0;0;0;0;0;0;0;0;0;0;0;0;0;0;0
silicon-arc-furnace;192;153;0;0;0;80;0;0;0;0;0;0;0;0;0;0;0;0;70;0;0;0;0;0
electrolyzer;193;178;0;0;0;40;0;0;0;0;0;50;0;0;0;0;0;0;130;80;0;0;0;0
atmospheric-concentrator;194;192;0;0;0;0;0;0;0;0;0;150;0;0;0;0;0;0;180;0;60;0;0;0
oxidation-chamber;195;179;0;0;0;80;0;0;0;0;0;100;0;0;0;0;0;0;120;120;0;0;0;0
electric-heater;196;186;0;0;0;0;0;0;0;0;0;0;0;0;0;0;0;0;30;30;30;0;0;0
slag-heater;197;238;0;0;0;0;0;0;0;0;0;0;0;0;0;0;0;0;20;50;20;0;0;0
phase-heater;198;201;0;0;0;0;0;0;0;0;0;0;0;0;0;0;0;0;30;0;30;30;0;0
heat-redirector;199;202;0;0;0;10;0;0;0;0;0;0;0;0;0;0;0;0;0;10;0;0;0;0
small-heat-redirector;200;255;0;0;0;8;0;0;0;0;0;0;0;0;8;0;0;0;0;0;0;0;0;0
heat-router;201;250;0;0;0;10;0;0;0;0;0;0;0;0;0;0;0;0;0;15;0;0;0;0
slag-incinerator;202;187;0;0;0;0;0;0;0;0;0;0;0;0;0;0;0;0;0;15;0;0;0;0
carbide-crucible;203;164;0;0;0;0;0;0;0;150;0;0;0;0;0;0;0;0;0;110;60;0;0;0
slag-centrifuge;204;185;0;0;0;60;0;0;0;0;0;40;0;0;0;0;0;0;0;0;40;70;0;0
surge-crucible;205;181;0;0;0;80;0;0;0;0;0;100;0;0;0;0;0;0;0;80;80;0;0;0
cyanogen-synthesizer;206;184;0;0;0;0;0;0;0;0;0;80;0;0;0;0;0;0;90;0;0;50;0;0
phase-synthesizer;207;188;0;0;0;0;0;0;0;100;0;100;0;0;0;0;0;0;0;200;0;90;0;0
heat-reactor;208;175;0;0;0;20;0;0;0;80;0;0;0;0;0;0;0;0;0;0;70;10;0;0
copper-wall;209;17;6;0;0;0;0;0;0;0;0;0;0;0;0;0;0;0;0;0;0;0;0;0
copper-wall-large;210;18;24;0;0;0;0;0;0;0;0;0;0;0;0;0;0;0;0;0;0;0;0;0
titanium-wall;211;19;0;0;0;0;0;0;6;0;0;0;0;0;0;0;0;0;0;0;0;0;0;0
titanium-wall-large;212;20;0;0;0;0;0;0;24;0;0;0;0;0;0;0;0;0;0;0;0;0;0;0
plastanium-wall;213;21;0;0;2;0;0;0;0;0;0;0;5;0;0;0;0;0;0;0;0;0;0;0
plastanium-wall-large;214;22;0;0;8;0;0;0;0;0;0;0;20;0;0;0;0;0;0;0;0;0;0;0
thorium-wall;215;23;0;0;0;0;0;0;0;6;0;0;0;0;0;0;0;0;0;0;0;0;0;0
thorium-wall-large;216;24;0;0;0;0;0;0;0;24;0;0;0;0;0;0;0;0;0;0;0;0;0;0
phase-wall;217;25;0;0;0;0;0;0;0;0;0;0;0;6;0;0;0;0;0;0;0;0;0;0
phase-wall-large;218;26;0;0;0;0;0;0;0;0;0;0;0;24;0;0;0;0;0;0;0;0;0;0
surge-wall;219;27;0;0;0;0;0;0;0;0;0;0;0;0;6;0;0;0;0;0;0;0;0;0
surge-wall-large;220;28;0;0;0;0;0;0;0;0;0;0;0;0;24;0;0;0;0;0;0;0;0;0
door;221;29;0;0;0;0;0;0;6;0;0;4;0;0;0;0;0;0;0;0;0;0;0;0
door-large;222;30;0;0;0;0;0;0;24;0;0;16;0;0;0;0;0;0;0;0;0;0;0;0
scrap-wall;223;31;0;0;0;0;0;0;0;0;6;0;0;0;0;0;0;0;0;0;0;0;0;0
scrap-wall-large;224;32;0;0;0;0;0;0;0;0;24;0;0;0;0;0;0;0;0;0;0;0;0;0
scrap-wall-huge;225;33;0;0;0;0;0;0;0;0;54;0;0;0;0;0;0;0;0;0;0;0;0;0
scrap-wall-gigantic;226;34;0;0;0;0;0;0;0;0;96;0;0;0;0;0;0;0;0;0;0;0;0;0
thruster;227;149;0;0;0;0;0;0;0;0;96;0;0;0;0;0;0;0;0;0;0;0;0;0
beryllium-wall;228;206;0;0;0;0;0;0;0;0;0;0;0;0;0;0;0;0;6;0;0;0;0;0
beryllium-wall-large;229;207;0;0;0;0;0;0;0;0;0;0;0;0;0;0;0;0;24;0;0;0;0;0
tungsten-wall;230;203;0;0;0;0;0;0;0;0;0;0;0;0;0;0;0;0;0;6;0;0;0;0
tungsten-wall-large;231;204;0;0;0;0;0;0;0;0;0;0;0;0;0;0;0;0;0;24;0;0;0;0
blast-door;232;227;0;0;0;0;0;0;0;0;0;24;0;0;0;0;0;0;0;24;0;0;0;0
reinforced-surge-wall;233;225;0;0;0;0;0;0;0;0;0;0;0;0;6;0;0;0;0;2;0;0;0;0
reinforced-surge-wall-large;234;234;0;0;0;0;0;0;0;0;0;0;0;0;24;0;0;0;0;8;0;0;0;0
carbide-wall;235;220;0;0;0;0;0;0;0;6;0;0;0;0;0;0;0;0;0;0;0;6;0;0
carbide-wall-large;236;221;0;0;0;0;0;0;0;24;0;0;0;0;0;0;0;0;0;0;0;24;0;0
shielded-wall;237;240;0;0;0;0;0;0;0;0;0;0;0;20;12;0;0;0;12;0;0;0;0;0
mender;238;35;25;30;0;0;0;0;0;0;0;0;0;0;0;0;0;0;0;0;0;0;0;0
mend-projector;239;36;50;100;0;0;0;0;25;0;0;40;0;0;0;0;0;0;0;0;0;0;0;0
overdrive-projector;240;37;0;100;0;0;0;0;75;0;0;75;30;0;0;0;0;0;0;0;0;0;0;0
overdrive-dome;241;38;0;200;0;0;0;0;130;0;0;130;80;0;120;0;0;0;0;0;0;0;0;0
force-projector;242;39;0;100;0;0;0;0;75;0;0;125;0;0;0;0;0;0;0;0;0;0;0;0
shock-mine;243;40;0;25;0;0;0;0;0;0;0;12;0;0;0;0;0;0;0;0;0;0;0;0
radar;244;226;0;0;0;50;0;0;0;0;0;60;0;0;0;0;0;0;10;0;0;0;0;0
build-tower;245;162;0;0;0;0;0;0;0;60;0;150;0;0;0;0;0;0;0;0;40;0;0;0
regen-projector;246;197;0;0;0;0;0;0;0;0;0;80;0;0;0;0;0;0;80;60;40;0;0;0
shockwave-tower;247;246;0;0;0;0;0;0;0;0;0;150;0;0;50;0;0;0;0;100;30;0;0;0
shield-projector;248;211;0;0;0;0;0;0;0;0;0;0;0;0;0;0;0;0;0;0;0;0;0;0
large-shield-projector;249;217;0;0;0;0;0;0;0;0;0;0;0;0;0;0;0;0;0;0;0;0;0;0
conveyor;250;41;1;0;0;0;0;0;0;0;0;0;0;0;0;0;0;0;0;0;0;0;0;0
titanium-conveyor;251;42;1;1;0;0;0;0;1;0;0;0;0;0;0;0;0;0;0;0;0;0;0;0
plastanium-conveyor;252;43;0;0;0;1;0;0;0;0;0;1;1;0;0;0;0;0;0;0;0;0;0;0
armored-conveyor;253;44;0;0;1;0;0;0;0;1;0;0;1;0;0;0;0;0;0;0;0;0;0;0
junction;254;45;3;0;0;0;0;0;0;0;0;0;0;0;0;0;0;0;0;0;0;0;0;0
bridge-conveyor;255;46;6;6;0;0;0;0;0;0;0;0;0;0;0;0;0;0;0;0;0;0;0;0
phase-conveyor;256;47;0;10;0;10;0;0;0;0;0;7;0;5;0;0;0;0;0;0;0;0;0;0
sorter;257;48;2;2;0;0;0;0;0;0;0;0;0;0;0;0;0;0;0;0;0;0;0;0
inverted-sorter;258;49;2;2;0;0;0;0;0;0;0;0;0;0;0;0;0;0;0;0;0;0;0;0
router;259;50;3;0;0;0;0;0;0;0;0;0;0;0;0;0;0;0;0;0;0;0;0;0
distributor;260;51;4;4;0;0;0;0;0;0;0;0;0;0;0;0;0;0;0;0;0;0;0;0
overflow-gate;261;52;4;2;0;0;0;0;0;0;0;0;0;0;0;0;0;0;0;0;0;0;0;0
underflow-gate;262;53;4;2;0;0;0;0;0;0;0;0;0;0;0;0;0;0;0;0;0;0;0;0
mass-driver;263;54;0;125;0;0;0;0;125;50;0;75;0;0;0;0;0;0;0;0;0;0;0;0
duct;264;55;0;0;0;0;0;0;0;0;0;0;0;0;0;0;0;0;1;0;0;0;0;0
armored-duct;265;229;0;0;0;0;0;0;0;0;0;0;0;0;0;0;0;0;2;1;0;0;0;0
duct-router;266;56;0;0;0;0;0;0;0;0;0;0;0;0;0;0;0;0;10;0;0;0;0;0
overflow-duct;267;182;0;0;0;8;0;0;0;0;0;0;0;0;0;0;0;0;8;0;0;0;0;0
underflow-duct;268;244;0;0;0;8;0;0;0;0;0;0;0;0;0;0;0;0;8;0;0;0;0;0
duct-bridge;269;57;0;0;0;0;0;0;0;0;0;0;0;0;0;0;0;0;15;0;0;0;0;0
duct-unloader;270;166;0;0;0;20;0;0;0;0;0;20;0;0;0;0;0;0;0;10;0;0;0;0
surge-conveyor;271;165;0;0;0;0;0;0;0;0;0;0;0;0;1;0;0;0;0;1;0;0;0;0
surge-router;272;167;0;0;0;0;0;0;0;0;0;0;0;0;5;0;0;0;0;1;0;0;0;0
unit-cargo-loader;273;193;0;0;0;0;0;0;0;0;0;80;0;0;50;0;0;0;0;0;20;0;0;0
unit-cargo-unload-point;274;194;0;0;0;0;0;0;0;0;0;60;0;0;0;0;0;0;0;60;0;0;0;0
mechanical-pump;275;58;15;0;10;0;0;0;0;0;0;0;0;0;0;0;0;0;0;0;0;0;0;0
rotary-pump;276;59;70;0;50;0;0;0;35;0;0;20;0;0;0;0;0;0;0;0;0;0;0;0
impulse-pump;277;176;80;0;90;0;0;0;40;35;0;30;0;0;0;0;0;0;0;0;0;0;0;0
conduit;278;60;0;0;1;0;0;0;0;0;0;0;0;0;0;0;0;0;0;0;0;0;0;0
pulse-conduit;279;61;0;0;1;0;0;0;2;0;0;0;0;0;0;0;0;0;0;0;0;0;0;0
plated-conduit;280;62;0;0;1;0;0;0;0;2;0;0;1;0;0;0;0;0;0;0;0;0;0;0
liquid-router;281;63;0;0;2;4;0;0;0;0;0;0;0;0;0;0;0;0;0;0;0;0;0;0
liquid-container;282;146;0;0;15;0;0;0;10;0;0;0;0;0;0;0;0;0;0;0;0;0;0;0
liquid-tank;283;64;0;0;40;0;0;0;30;0;0;0;0;0;0;0;0;0;0;0;0;0;0;0
liquid-junction;284;65;0;0;8;4;0;0;0;0;0;0;0;0;0;0;0;0;0;0;0;0;0;0
bridge-conduit;285;66;0;0;8;4;0;0;0;0;0;0;0;0;0;0;0;0;0;0;0;0;0;0
phase-conduit;286;67;0;0;20;0;0;0;10;0;0;7;0;5;0;0;0;0;0;0;0;0;0;0
reinforced-pump;287;177;0;0;0;0;0;0;0;0;0;20;0;0;0;0;0;0;40;30;0;0;0;0
reinforced-conduit;288;168;0;0;0;0;0;0;0;0;0;0;0;0;0;0;0;0;2;0;0;0;0;0
reinforced-liquid-junction;289;156;0;0;0;4;0;0;0;0;0;0;0;0;0;0;0;0;8;0;0;0;0;0
reinforced-bridge-conduit;290;172;0;0;0;8;0;0;0;0;0;0;0;0;0;0;0;0;20;0;0;0;0;0
reinforced-liquid-router;291;169;0;0;0;8;0;0;0;0;0;0;0;0;0;0;0;0;4;0;0;0;0;0
reinforced-liquid-container;292;170;0;0;0;0;0;0;0;0;0;0;0;0;0;0;0;0;16;10;0;0;0;0
reinforced-liquid-tank;293;171;0;0;0;0;0;0;0;0;0;0;0;0;0;0;0;0;50;40;0;0;0;0
power-node;294;68;2;6;0;0;0;0;0;0;0;0;0;0;0;0;0;0;0;0;0;0;0;0
power-node-large;295;69;0;10;0;0;0;0;5;0;0;3;0;0;0;0;0;0;0;0;0;0;0;0
surge-tower;296;70;0;10;0;0;0;0;7;0;0;15;0;0;15;0;0;0;0;0;0;0;0;0
diode;297;71;0;0;10;0;0;0;0;0;0;10;5;0;0;0;0;0;0;0;0;0;0;0
battery;298;72;5;20;0;0;0;0;0;0;0;0;0;0;0;0;0;0;0;0;0;0;0;0
battery-large;299;73;0;50;0;0;0;0;20;0;0;30;0;0;0;0;0;0;0;0;0;0;0;0
combustion-generator;300;74;25;15;0;0;0;0;0;0;0;0;0;0;0;0;0;0;0;0;0;0;0;0
thermal-generator;301;75;40;50;40;35;0;0;0;0;0;35;0;0;0;0;0;0;0;0;0;0;0;0
steam-generator;302;76;35;40;0;25;0;0;0;0;0;30;0;0;0;0;0;0;0;0;0;0;0;0
differential-generator;303;77;70;100;50;0;0;0;50;0;0;65;0;0;0;0;0;0;0;0;0;0;0;0
rtg-generator;304;78;0;100;0;0;0;0;0;50;0;75;75;25;0;0;0;0;0;0;0;0;0;0
solar-panel;305;79;0;10;0;0;0;0;0;0;0;8;0;0;0;0;0;0;0;0;0;0;0;0
solar-panel-large;306;80;0;60;0;0;0;0;0;0;0;70;0;15;0;0;0;0;0;0;0;0;0;0
thorium-reactor;307;81;0;300;50;150;0;0;0;150;0;200;0;0;0;0;0;0;0;0;0;0;0;0
impact-reactor;308;82;0;500;250;400;0;0;0;100;0;300;0;0;250;0;0;0;0;0;0;0;0;0
beam-node;309;160;0;0;0;0;0;0;0;0;0;0;0;0;0;0;0;0;8;0;0;0;0;0
beam-tower;310;161;0;0;0;0;0;0;0;0;0;10;0;0;0;0;0;0;30;0;10;0;0;0
beam-link;311;212;0;0;0;0;0;0;0;0;0;250;0;75;75;0;0;0;250;0;150;75;0;0
turbine-condenser;312;159;0;0;0;0;0;0;0;0;0;0;0;0;0;0;0;0;60;0;0;0;0;0
chemical-combustion-chamber;313;195;0;0;0;40;0;0;0;0;0;30;0;0;0;0;0;0;0;20;40;0;0;0
pyrolysis-generator;314;196;0;0;0;100;0;0;0;0;0;100;0;0;0;0;0;0;0;0;60;60;0;0
flux-reactor;315;248;0;0;0;300;0;0;0;0;0;600;0;0;200;0;0;0;0;0;100;100;0;0
neoplasia-reactor;316;249;0;0;0;0;0;0;0;0;0;500;0;150;200;0;0;0;0;750;150;300;0;0
mechanical-drill;317;83;12;0;0;0;0;0;0;0;0;0;0;0;0;0;0;0;0;0;0;0;0;0
pneumatic-drill;318;84;18;0;0;10;0;0;0;0;0;0;0;0;0;0;0;0;0;0;0;0;0;0
laser-drill;319;85;35;0;0;30;0;0;20;0;0;30;0;0;0;0;0;0;0;0;0;0;0;0
blast-drill;320;86;65;0;0;0;0;0;50;75;0;60;0;0;0;0;0;0;0;0;0;0;0;0
water-extractor;321;87;30;30;30;30;0;0;0;0;0;0;0;0;0;0;0;0;0;0;0;0;0;0
cultivator;322;88;25;25;0;0;0;0;0;0;0;10;0;0;0;0;0;0;0;0;0;0;0;0
oil-extractor;323;89;150;115;0;175;0;0;0;115;0;75;0;0;0;0;0;0;0;0;0;0;0;0
vent-condenser;324;200;0;0;0;20;0;0;0;0;0;0;0;0;0;0;0;0;60;0;0;0;0;0
cliff-crusher;325;154;0;0;0;25;0;0;0;0;0;0;0;0;0;0;0;0;20;0;0;0;0;0
large-cliff-crusher;326;256;0;0;0;0;0;0;0;0;0;80;0;0;15;0;0;0;100;50;0;0;0;0
plasma-bore;327;155;0;0;0;0;0;0;0;0;0;0;0;0;0;0;0;0;40;0;0;0;0;0
large-plasma-bore;328;183;0;0;0;0;0;0;0;0;0;100;0;0;0;0;0;0;100;70;25;0;0;0
impact-drill;329;163;0;0;0;60;0;0;0;0;0;70;0;0;0;0;0;0;90;0;0;0;0;0
eruption-drill;330;208;0;0;0;0;0;0;0;150;0;300;0;0;0;0;0;0;0;250;20;0;0;0
core-shard;331;90;1000;800;0;0;0;0;0;0;0;0;0;0;0;0;0;0;0;0;0;0;0;0
core-foundation;332;91;3000;3000;0;0;0;0;0;0;0;2000;0;0;0;0;0;0;0;0;0;0;0;0
core-nucleus;333;92;8000;8000;0;0;0;0;0;4000;0;5000;0;0;0;0;0;0;0;0;0;0;0;0
core-bastion;334;158;0;0;0;1000;0;0;0;0;0;1000;0;0;0;0;0;0;800;0;0;0;0;0
core-citadel;335;173;0;0;0;0;0;0;0;0;0;4000;0;0;0;0;0;0;4000;3000;1000;0;0;0
core-acropolis;336;174;0;0;0;0;0;0;0;0;0;5000;0;0;0;0;0;0;6000;5000;3000;3000;0;0
container;337;94;0;0;0;0;0;0;100;0;0;0;0;0;0;0;0;0;0;0;0;0;0;0
vault;338;93;0;0;0;0;0;0;250;125;0;0;0;0;0;0;0;0;0;0;0;0;0;0
unloader;339;95;0;0;0;0;0;0;25;0;0;30;0;0;0;0;0;0;0;0;0;0;0;0
reinforced-container;340;190;0;0;0;40;0;0;0;0;0;0;0;0;0;0;0;0;0;30;0;0;0;0
reinforced-vault;341;191;0;0;0;0;0;0;0;70;0;0;0;0;0;0;0;0;100;125;0;0;0;0
duo;342;96;35;0;0;0;0;0;0;0;0;0;0;0;0;0;0;0;0;0;0;0;0;0
scatter;343;97;85;45;0;0;0;0;0;0;0;0;0;0;0;0;0;0;0;0;0;0;0;0
scorch;344;98;25;0;0;22;0;0;0;0;0;0;0;0;0;0;0;0;0;0;0;0;0;0
hail;345;99;40;0;0;17;0;0;0;0;0;0;0;0;0;0;0;0;0;0;0;0;0;0
wave;346;100;25;75;45;0;0;0;0;0;0;0;0;0;0;0;0;0;0;0;0;0;0;0
lancer;347;101;60;70;0;0;0;0;30;0;0;60;0;0;0;0;0;0;0;0;0;0;0;0
arc;348;102;50;50;0;0;0;0;0;0;0;0;0;0;0;0;0;0;0;0;0;0;0;0
parallax;349;103;0;0;0;50;0;0;110;0;0;160;0;0;0;0;0;0;0;0;0;0;0;0
swarmer;350;104;0;0;0;35;0;0;35;0;0;30;45;0;0;0;0;0;0;0;0;0;0;0
salvo;351;105;100;0;0;80;0;0;50;0;0;0;0;0;0;0;0;0;0;0;0;0;0;0
segment;352;106;0;0;0;0;0;0;40;80;0;130;0;40;0;0;0;0;0;0;0;0;0;0
tsunami;353;107;0;400;100;0;0;0;250;100;0;0;0;0;0;0;0;0;0;0;0;0;0;0
fuse;354;108;225;0;0;225;0;0;0;100;0;0;0;0;0;0;0;0;0;0;0;0;0;0
ripple;355;109;150;0;0;135;0;0;60;0;0;0;0;0;0;0;0;0;0;0;0;0;0;0
cyclone;356;110;200;0;0;0;0;0;125;0;0;0;80;0;0;0;0;0;0;0;0;0;0;0
foreshadow;357;111;1000;0;600;0;0;0;0;0;0;600;200;0;300;0;0;0;0;0;0;0;0;0
spectre;358;112;900;0;0;300;0;0;0;250;0;0;175;0;250;0;0;0;0;0;0;0;0;0
meltdown;359;113;1200;350;0;300;0;0;0;0;0;325;0;0;325;0;0;0;0;0;0;0;0;0
breach;360;157;0;0;0;125;0;0;0;0;0;150;0;0;0;0;0;0;150;0;0;0;0;0
diffuse;361;231;0;0;0;200;0;0;0;0;0;200;0;0;0;0;0;0;150;50;0;0;0;0
sublimate;362;189;0;0;0;0;0;0;0;0;0;200;0;0;0;0;0;0;400;150;40;0;0;0
titan;363;198;0;0;0;0;0;0;0;400;0;300;0;0;0;0;0;0;0;250;0;0;0;0
disperse;364;216;0;0;0;0;0;0;0;50;0;200;0;0;0;0;0;0;350;0;150;0;0;0
afflict;365;239;0;0;0;250;0;0;0;0;0;200;0;0;125;0;0;0;0;0;40;0;0;0
lustre;366;241;0;0;0;200;0;0;0;0;0;250;0;0;0;0;0;0;0;0;50;90;0;0
scathe;367;242;0;0;0;400;0;0;0;0;0;450;0;0;0;0;0;0;0;500;100;200;0;0
smite;368;243;0;0;0;0;0;0;0;0;0;800;0;300;400;0;0;0;0;0;200;500;0;0
malign;369;245;0;0;0;500;0;0;0;0;0;500;0;200;0;0;0;0;1000;0;0;200;0;0
ground-factory;370;115;50;120;0;0;0;0;0;0;0;80;0;0;0;0;0;0;0;0;0;0;0;0
air-factory;371;116;60;70;0;0;0;0;0;0;0;0;0;0;0;0;0;0;0;0;0;0;0;0
naval-factory;372;117;150;130;120;0;0;0;0;0;0;0;0;0;0;0;0;0;0;0;0;0;0;0
additive-reconstructor;373;118;200;120;0;0;0;0;0;0;0;90;0;0;0;0;0;0;0;0;0;0;0;0
multiplicative-reconstructor;374;119;0;650;0;0;0;0;350;650;0;450;0;0;0;0;0;0;0;0;0;0;0;0
exponential-reconstructor;375;120;0;2000;0;0;0;0;2000;750;0;1000;450;600;0;0;0;0;0;0;0;0;0;0
tetrative-reconstructor;376;121;0;4000;0;0;0;0;0;1000;0;3000;600;600;800;0;0;0;0;0;0;0;0;0
repair-point;377;122;30;30;0;0;0;0;0;0;0;20;0;0;0;0;0;0;0;0;0;0;0;0
repair-turret;378;123;0;0;0;0;0;0;0;80;0;90;60;0;0;0;0;0;0;0;0;0;0;0
tank-fabricator;379;222;0;0;0;0;0;0;0;0;0;200;0;0;0;0;0;0;150;0;0;0;0;0
ship-fabricator;380;224;0;0;0;0;0;0;0;0;0;250;0;0;0;0;0;0;200;0;0;0;0;0
mech-fabricator;381;223;0;0;0;0;0;0;0;0;0;200;0;0;0;0;0;0;250;10;0;0;0;0
tank-refabricator;382;235;0;0;0;0;0;0;0;0;0;100;0;0;0;0;0;0;200;80;0;0;0;0
ship-refabricator;383;237;0;0;0;0;0;0;0;0;0;150;0;0;0;0;0;0;250;120;15;0;0;0
mech-refabricator;384;236;0;0;0;0;0;0;0;0;0;150;0;0;0;0;0;0;250;175;0;0;0;0
prime-refabricator;385;232;0;0;0;0;0;0;0;250;0;400;0;0;0;0;0;0;0;200;200;0;0;0
tank-assembler;386;205;0;0;0;0;0;0;0;500;0;650;0;0;0;0;0;0;0;0;150;80;0;0
ship-assembler;387;209;0;0;0;0;0;0;0;400;0;900;0;0;0;0;0;0;0;550;200;100;0;0
mech-assembler;388;210;0;0;0;0;0;0;0;600;0;1000;0;0;0;0;0;0;0;550;200;200;0;0
basic-assembler-module;389;233;0;0;0;0;0;0;0;500;0;0;0;400;0;0;0;0;0;0;250;300;0;0
unit-repair-tower;390;230;0;0;0;90;0;0;0;0;0;90;0;0;0;0;0;0;0;80;0;0;0;0
payload-conveyor;391;124;10;0;0;10;0;0;0;0;0;0;0;0;0;0;0;0;0;0;0;0;0;0
payload-router;392;125;10;0;0;15;0;0;0;0;0;0;0;0;0;0;0;0;0;0;0;0;0;0
reinforced-payload-conveyor;393;214;0;0;0;0;0;0;0;0;0;0;0;0;0;0;0;0;0;10;0;0;0;0
reinforced-payload-router;394;215;0;0;0;0;0;0;0;0;0;0;0;0;0;0;0;0;0;15;0;0;0;0
payload-mass-driver;395;218;0;0;0;20;0;0;0;0;0;50;0;0;0;0;0;0;0;40;0;0;0;0
large-payload-mass-driver;396;251;0;0;0;100;0;0;0;0;0;200;0;20;0;0;0;0;0;200;30;0;0;0
small-deconstructor;397;199;0;0;0;80;0;0;0;0;0;100;0;0;0;0;0;0;100;0;40;0;0;0
deconstructor;398;147;0;0;0;0;0;0;0;0;0;250;0;0;0;0;0;0;250;0;100;50;0;0
constructor;399;148;0;0;0;0;0;0;0;0;0;50;0;0;0;0;0;0;75;40;0;0;0;0
large-constructor;400;150;0;0;0;0;0;0;0;80;0;150;0;0;0;0;0;0;0;200;100;0;0;0
payload-loader;401;151;0;0;0;80;0;0;0;0;0;160;0;0;0;0;0;0;0;90;0;0;0;0
payload-unloader;402;152;0;0;0;140;0;0;0;0;0;220;0;0;0;0;0;0;0;180;0;0;0;0
power-source;403;126;0;0;0;0;0;0;0;0;0;0;0;0;0;0;0;0;0;0;0;0;0;0
power-void;404;127;0;0;0;0;0;0;0;0;0;0;0;0;0;0;0;0;0;0;0;0;0;0
item-source;405;128;0;0;0;0;0;0;0;0;0;0;0;0;0;0;0;0;0;0;0;0;0;0
item-void;406;129;0;0;0;0;0;0;0;0;0;0;0;0;0;0;0;0;0;0;0;0;0;0
liquid-source;407;130;0;0;0;0;0;0;0;0;0;0;0;0;0;0;0;0;0;0;0;0;0;0
liquid-void;408;131;0;0;0;0;0;0;0;0;0;0;0;0;0;0;0;0;0;0;0;0;0;0
payload-source;409;133;0;0;0;0;0;0;0;0;0;0;0;0;0;0;0;0;0;0;0;0;0;0
payload-void;410;132;0;0;0;0;0;0;0;0;0;0;0;0;0;0;0;0;0;0;0;0;0;0
heat-source;411;247;0;0;0;0;0;0;0;0;0;0;0;0;0;0;0;0;0;0;0;0;0;0
illuminator;412;134;0;8;0;12;0;0;0;0;0;8;0;0;0;0;0;0;0;0;0;0;0;0
legacy-mech-pad;413;-1;0;0;0;0;0;0;0;0;0;0;0;0;0;0;0;0;0;0;0;0;0;0
legacy-unit-factory;414;-1;0;0;0;0;0;0;0;0;0;0;0;0;0;0;0;0;0;0;0;0;0;0
legacy-unit-factory-air;415;-1;0;0;0;0;0;0;0;0;0;0;0;0;0;0;0;0;0;0;0;0;0;0
legacy-unit-factory-ground;416;-1;0;0;0;0;0;0;0;0;0;0;0;0;0;0;0;0;0;0;0;0;0;0
command-center;417;114;0;0;0;0;0;0;0;0;0;0;0;0;0;0;0;0;0;0;0;0;0;0
launch-pad;418;135;350;200;0;0;0;0;150;0;0;140;0;0;0;0;0;0;0;0;0;0;0;0
advanced-launch-pad;419;257;350;300;0;0;0;0;200;0;0;250;0;0;0;0;0;0;0;0;0;0;0;0
landing-pad;420;258;200;0;0;100;0;0;100;0;0;0;0;0;0;0;0;0;0;0;0;0;0;0
interplanetary-accelerator;421;136;16000;0;0;0;0;0;12000;13000;0;11000;0;5000;6000;0;0;0;0;0;0;0;0;0
message;422;137;5;0;0;5;0;0;0;0;0;0;0;0;0;0;0;0;0;0;0;0;0;0
switch;423;138;5;0;0;5;0;0;0;0;0;0;0;0;0;0;0;0;0;0;0;0;0;0
micro-processor;424;139;90;50;0;0;0;0;0;0;0;50;0;0;0;0;0;0;0;0;0;0;0;0
logic-processor;425;140;0;320;0;60;0;0;0;50;0;80;0;0;0;0;0;0;0;0;0;0;0;0
hyper-processor;426;141;0;450;0;0;0;0;0;75;0;150;0;0;50;0;0;0;0;0;0;0;0;0
memory-cell;427;142;30;0;0;30;0;0;0;0;0;30;0;0;0;0;0;0;0;0;0;0;0;0
memory-bank;428;143;30;0;0;80;0;0;0;0;0;80;0;30;0;0;0;0;0;0;0;0;0;0
logic-display;429;144;0;100;50;0;0;0;0;0;0;50;0;0;0;0;0;0;0;0;0;0;0;0
large-logic-display;430;145;0;200;100;0;0;0;0;0;0;150;0;75;0;0;0;0;0;0;0;0;0;0
tile-logic-display;431;259;0;8;8;0;0;0;0;0;0;8;0;3;0;0;0;0;0;0;0;0;0;0
canvas;432;228;0;0;0;0;0;0;0;0;0;10;0;0;0;0;0;0;10;0;0;0;0;0
reinforced-message;433;252;0;0;0;10;0;0;0;0;0;0;0;0;0;0;0;0;5;0;0;0;0;0
world-processor;434;213;0;0;0;0;0;0;0;0;0;0;0;0;0;0;0;0;0;0;0;0;0;0
world-cell;435;219;0;0;0;0;0;0;0;0;0;0;0;0;0;0;0;0;0;0;0;0;0;0
world-message;436;253;0;0;0;0;0;0;0;0;0;0;0;0;0;0;0;0;0;0;0;0;0;0
world-switch;437;254;0;0;0;0;0;0;0;0;0;0;0;0;0;0;0;0;0;0;0;0;0;0
